0 0 2.5
0.000581508 -0.00120359 2.50015
0.00451451 -0.009265 2.50116
0.0147792 -0.030067 2.50376
0.033965 -0.06848 2.50856
0.0642865 -0.128418 2.51605
0.1076 -0.212895 2.52661
0.165419 -0.324081 2.54051
0.238933 -0.46336 2.55792
0.329023 -0.631382 2.57892
0.436279 -0.828125 2.60352
0.561019 -1.05295 2.63162
0.703305 -1.30464 2.66308
0.862963 -1.5815 2.69769
1.0396 -1.88136 2.73517
1.23263 -2.20166 2.77521
1.44128 -2.53952 2.81744
1.66462 -2.89176 2.86147
1.90157 -3.25499 2.90687
2.15095 -3.62562 2.9532
2.41146 -4 3
2.68173 -4.37438 3.0468
2.96033 -4.74502 3.09313
3.2458 -5.10824 3.13853
3.53664 -5.46048 3.18256
3.83139 -5.79834 3.22479
4.12859 -6.11865 3.26483
4.42684 -6.4185 3.30231
4.72482 -6.69536 3.33692
5.02131 -6.94705 3.36838
5.31519 -7.17188 3.39648
5.60549 -7.36862 3.42108
5.89141 -7.53664 3.44208
6.17236 -7.67592 3.45949
6.44793 -7.78711 3.47339
6.71797 -7.87158 3.48395
6.9826 -7.93152 3.49144
7.24223 -7.96993 3.49624
7.49757 -7.99074 3.49884
7.74968 -7.9988 3.49985
8 -8 3.5
8.25032 -7.99929 3.50015
8.50243 -7.99454 3.50116
8.75777 -7.98216 3.50376
9.01739 -7.95913 3.50856
9.28203 -7.92289 3.51605
9.55207 -7.87134 3.52661
9.82764 -7.80285 3.54051
10.1086 -7.71618 3.55792
10.3945 -7.6105 3.57892
10.6848 -7.48535 3.60352
10.9787 -7.3406 3.63162
11.2752 -7.17643 3.66308
11.5732 -6.99333 3.69769
11.8714 -6.79205 3.73517
12.1686 -6.57356 3.77521
12.4634 -6.33907 3.81744
12.7542 -6.08995 3.86147
13.0397 -5.82775 3.90687
13.3183 -5.55412 3.9532
13.5885 -5.27083 4
13.8491 -4.97974 4.0468
14.0984 -4.68273 4.09313
14.3354 -4.38172 4.13853
14.5587 -4.07859 4.18256
14.7674 -3.77522 4.22479
14.9604 -3.4734 4.26483
15.137 -3.17483 4.30231
15.2967 -2.88107 4.33692
15.439 -2.59354 4.36838
15.5637 -2.31348 4.39648
15.671 -2.04189 4.42108
15.7611 -1.77954 4.44208
15.8346 -1.52693 4.45949
15.8924 -1.28424 4.47339
15.9357 -1.05131 4.48395
15.966 -0.827612 4.49144
15.9852 -0.61223 4.49624
15.9955 -0.4038 4.49884
15.9994 -0.200498 4.49985
16 7.10543e-15 4.5
15.9993 0.200498 4.50015
15.9945 0.4038 4.50116
15.9822 0.61223 4.50376
15.9591 0.827612 4.50856
15.9229 1.05131 4.51605
15.8713 1.28424 4.52661
15.8028 1.52693 4.54051
15.7162 1.77954 4.55792
15.6105 2.04189 4.57892
15.4854 2.31348 4.60352
15.3406 2.59354 4.63162
15.1764 2.88107 4.66308
14.9933 3.17483 4.69769
14.792 3.4734 4.73517
14.5736 3.77522 4.77521
14.3391 4.07859 4.81744
14.09 4.38172 4.86147
13.8277 4.68273 4.90687
13.5541 4.97974 4.9532
13.2708 5.27083 5
12.9797 5.55412 5.0468
12.6827 5.82775 5.09313
12.3817 6.08995 5.13853
12.0786 6.33907 5.18256
11.7752 6.57356 5.22479
11.4734 6.79205 5.26483
11.1748 6.99333 5.30231
10.8811 7.17643 5.33692
10.5935 7.3406 5.36838
10.3135 7.48535 5.39648
10.0419 7.6105 5.42108
9.77954 7.71618 5.44208
9.52693 7.80285 5.45949
9.28424 7.87134 5.47339
9.05131 7.92289 5.48395
8.82761 7.95913 5.49144
8.61223 7.98216 5.49624
8.4038 7.99454 5.49884
8.2005 7.99929 5.49985
8 8 5.5
7.7995 7.99929 5.49985
7.5962 7.99454 5.49884
7.38777 7.98216 5.49624
7.17239 7.95913 5.49144
6.94869 7.92289 5.48395
6.71576 7.87134 5.47339
6.47307 7.80285 5.45949
6.22046 7.71618 5.44208
5.95811 7.6105 5.42108
5.68652 7.48535 5.39648
5.40646 7.3406 5.36838
5.11893 7.17643 5.33692
4.82517 6.99333 5.30231
4.5266 6.79205 5.26483
4.22478 6.57356 5.22479
3.92141 6.33907 5.18256
3.61828 6.08995 5.13853
3.31727 5.82775 5.09313
3.02026 5.55412 5.0468
2.72917 5.27083 5
2.44588 4.97974 4.9532
2.17225 4.68273 4.90687
1.91005 4.38172 4.86147
1.66093 4.07859 4.81744
1.42644 3.77522 4.77521
1.20795 3.4734 4.73517
1.00667 3.17483 4.69769
0.823572 2.88107 4.66308
0.659404 2.59354 4.63162
0.514648 2.31348 4.60352
0.389495 2.04189 4.57892
0.283819 1.77954 4.55792
0.197152 1.52693 4.54051
0.128659 1.28424 4.52661
0.0771128 1.05131 4.51605
0.040868 0.827612 4.50856
0.0178368 0.61223 4.50376
0.0054646 0.4038 4.50116
0.000705925 0.200498 4.50015
0 -7.10543e-15 4.5
0.000705925 -0.200498 4.49985
0.0054646 -0.4038 4.49884
0.0178368 -0.61223 4.49624
0.040868 -0.827612 4.49144
0.0771128 -1.05131 4.48395
0.128659 -1.28424 4.47339
0.197152 -1.52693 4.45949
0.283819 -1.77954 4.44208
0.389495 -2.04189 4.42108
0.514648 -2.31348 4.39648
0.659404 -2.59354 4.36838
0.823572 -2.88107 4.33692
1.00667 -3.17483 4.30231
1.20795 -3.4734 4.26483
1.42644 -3.77522 4.22479
1.66093 -4.07859 4.18256
1.91005 -4.38172 4.13853
2.17225 -4.68273 4.09313
2.44588 -4.97974 4.0468
2.72917 -5.27083 4
3.02026 -5.55412 3.9532
3.31727 -5.82775 3.90687
3.61828 -6.08995 3.86147
3.92141 -6.33907 3.81744
4.22478 -6.57356 3.77521
4.5266 -6.79205 3.73517
4.82517 -6.99333 3.69769
5.11893 -7.17643 3.66308
5.40646 -7.3406 3.63162
5.68652 -7.48535 3.60352
5.95811 -7.6105 3.57892
6.22046 -7.71618 3.55792
6.47307 -7.80285 3.54051
6.71576 -7.87134 3.52661
6.94869 -7.92289 3.51605
7.17239 -7.95913 3.50856
7.38777 -7.98216 3.50376
7.5962 -7.99454 3.50116
7.7995 -7.99929 3.50015
8 -8 3.5
8.2005 -7.99905 3.49985
8.4038 -7.99264 3.49884
8.61223 -7.97605 3.49624
8.82761 -7.94533 3.49144
9.05131 -7.89723 3.48395
9.28424 -7.82922 3.47339
9.52693 -7.73938 3.45949
9.77954 -7.62641 3.44208
10.0419 -7.48956 3.42108
10.3135 -7.32861 3.39648
10.5935 -7.14382 3.36838
10.8811 -6.93589 3.33692
11.1748 -6.70592 3.30231
11.4734 -6.45535 3.26483
11.7752 -6.18595 3.22479
12.0786 -5.89978 3.18256
12.3817 -5.5991 3.13853
12.6827 -5.28638 3.09313
12.9797 -4.96425 3.0468
13.2708 -4.63542 3
13.5541 -4.30268 2.9532
13.8277 -3.96886 2.90687
14.09 -3.63674 2.86147
14.3391 -3.30906 2.81744
14.5736 -2.98844 2.77521
14.792 -2.67738 2.73517
14.9933 -2.37816 2.69769
15.1764 -2.09285 2.66308
15.3406 -1.82324 2.63162
15.4854 -1.5708 2.60352
15.6105 -1.33663 2.57892
15.7162 -1.12145 2.55792
15.8028 -0.925506 2.54051
15.8713 -0.748566 2.52661
15.9229 -0.589862 2.51605
15.9591 -0.448046 2.50856
15.9822 -0.321149 2.50376
15.9945 -0.206533 2.50116
15.9993 -0.100851 2.50015
