0 0 2.5
0.000776 0 2.5
0.00602 0 2.5
0.0197 0 2.5
0.0453 0 2.5
0.0856 0 2.5
0.143 0 2.5
0.22 0 2.5
0.318 0 2.5
0.437 0 2.5
0.579 0 2.5
0.744 0 2.5
0.933 0 2.5
1.14 0 2.5
1.38 0 2.5
1.63 0 2.5
1.91 0 2.5
2.2 0 2.5
2.51 0 2.5
2.83 0 2.5
3.17 0 2.5
3.53 0 2.5
3.89 0 2.5
4.25 0 2.5
4.63 0 2.5
5 0 2.5
5.37 0 2.5
5.75 0 2.5
6.11 0 2.5
6.47 0 2.5
6.83 0 2.5
7.17 0 2.5
7.49 0 2.5
7.8 0 2.5
8.09 0 2.5
8.37 0 2.5
8.62 0 2.5
8.86 0 2.5
9.07 0 2.5
9.26 0 2.5
9.42 0 2.5
9.56 0 2.5
9.68 0 2.5
9.78 0 2.5
9.86 0 2.5
9.91 0 2.5
9.95 0 2.5
9.98 0 2.5
9.99 0 2.5
10 0 2.5
10 0 2.5
