0 0 0
0.023 -9e-34 0
0.0885 -3.5e-33 0
0.191 -7.66e-33 0
0.325 -1.32e-32 0
0.486 -2.01e-32 0
0.669 -2.81e-32 0
0.87 -3.71e-32 0
1.08 -4.69e-32 0
1.31 -5.75e-32 0
1.54 -6.88e-32 0
1.77 -8.05e-32 0
2 -9.25e-32 0
2.22 -1.05e-31 0
2.44 -1.17e-31 0
2.65 -1.3e-31 0
2.84 -1.42e-31 0
3.02 -1.54e-31 0
3.19 -1.66e-31 0
3.33 -1.77e-31 0
3.46 -1.88e-31 0
3.56 -1.98e-31 0
3.64 -2.07e-31 0
3.7 -2.16e-31 0
3.74 -2.24e-31 0
3.75 -2.3e-31 0
3.74 -2.36e-31 0
3.7 -2.4e-31 0
3.64 -2.43e-31 0
3.56 -2.44e-31 0
3.46 -2.44e-31 0
3.33 -2.43e-31 0
3.19 -2.4e-31 0
3.02 -2.35e-31 0
2.84 -2.28e-31 0
2.65 -2.2e-31 0
2.44 -2.1e-31 0
2.22 -1.97e-31 0
2 -1.83e-31 0
1.77 -1.67e-31 0
1.54 -1.48e-31 0
1.31 -1.27e-31 0
1.08 -1.04e-31 0
0.87 -7.85e-32 0
0.669 -5.07e-32 0
0.486 -2.05e-32 0
0.325 1.22e-32 0
0.191 4.74e-32 0
0.0885 8.52e-32 0
0.023 1.26e-31 0
0 1.69e-31 0
