0 0 0
0.023 -4.5e-34 0
0.0885 -1.75e-33 0
0.191 -3.83e-33 0
0.325 -6.62e-33 0
0.486 -1e-32 0
0.669 -1.4e-32 0
0.87 -1.85e-32 0
1.08 -2.35e-32 0
1.31 -2.88e-32 0
1.54 -3.44e-32 0
1.77 -4.02e-32 0
2 -4.63e-32 0
2.22 -5.24e-32 0
2.44 -5.86e-32 0
2.65 -6.48e-32 0
2.84 -7.1e-32 0
3.02 -7.7e-32 0
3.19 -8.29e-32 0
3.33 -8.86e-32 0
3.46 -9.4e-32 0
3.56 -9.91e-32 0
3.64 -1.04e-31 0
3.7 -1.08e-31 0
3.74 -1.12e-31 0
3.75 -1.15e-31 0
3.74 -1.18e-31 0
3.7 -1.2e-31 0
3.64 -1.21e-31 0
3.56 -1.22e-31 0
3.46 -1.22e-31 0
3.33 -1.21e-31 0
3.19 -1.2e-31 0
3.02 -1.18e-31 0
2.84 -1.14e-31 0
2.65 -1.1e-31 0
2.44 -1.05e-31 0
2.22 -9.87e-32 0
2 -9.15e-32 0
1.77 -8.33e-32 0
1.54 -7.4e-32 0
1.31 -6.35e-32 0
1.08 -5.2e-32 0
0.87 -3.93e-32 0
0.669 -2.54e-32 0
0.486 -1.02e-32 0
0.325 6.12e-33 0
0.191 2.37e-32 0
0.0885 4.26e-32 0
0.023 6.28e-32 0
0 8.43e-32 0
