0 0 2.5
-0.00120359 -0.000581508 2.50015
-0.009265 -0.00451451 2.50116
-0.030067 -0.0147792 2.50376
-0.06848 -0.033965 2.50856
-0.128418 -0.0642865 2.51605
-0.212895 -0.1076 2.52661
-0.324081 -0.165419 2.54051
-0.46336 -0.238933 2.55792
-0.631382 -0.329023 2.57892
-0.828125 -0.436279 2.60352
-1.05295 -0.561019 2.63162
-1.30464 -0.703305 2.66308
-1.5815 -0.862963 2.69769
-1.88135 -1.0396 2.73517
-2.20166 -1.23263 2.77521
-2.53952 -1.44128 2.81744
-2.89176 -1.66462 2.86147
-3.25498 -1.90157 2.90687
-3.62562 -2.15095 2.9532
-4 -2.41146 3
-4.37438 -2.68173 3.0468
-4.74501 -2.96033 3.09313
-5.10824 -3.2458 3.13853
-5.46048 -3.53664 3.18256
-5.79834 -3.83139 3.22479
-6.11864 -4.12859 3.26483
-6.4185 -4.42684 3.30231
-6.69536 -4.72482 3.33692
-6.94705 -5.02131 3.36838
-7.17187 -5.31519 3.39648
-7.36862 -5.60549 3.42108
-7.53664 -5.89141 3.44208
-7.67592 -6.17236 3.45949
-7.7871 -6.44793 3.47339
-7.87158 -6.71797 3.48395
-7.93152 -6.9826 3.49144
-7.96993 -7.24223 3.49624
-7.99074 -7.49757 3.49884
-7.9988 -7.74968 3.49985
-8 -8 3.5
-7.99929 -8.25032 3.50015
-7.99454 -8.50243 3.50116
-7.98216 -8.75777 3.50376
-7.95913 -9.01739 3.50856
-7.92289 -9.28203 3.51605
-7.87134 -9.55207 3.52661
-7.80285 -9.82764 3.54051
-7.71618 -10.1086 3.55792
-7.6105 -10.3945 3.57892
-7.48535 -10.6848 3.60352
-7.3406 -10.9787 3.63162
-7.17643 -11.2752 3.66308
-6.99333 -11.5732 3.69769
-6.79205 -11.8714 3.73517
-6.57356 -12.1686 3.77521
-6.33907 -12.4634 3.81744
-6.08995 -12.7542 3.86147
-5.82775 -13.0397 3.90687
-5.55412 -13.3183 3.9532
-5.27083 -13.5885 4
-4.97974 -13.8491 4.0468
-4.68273 -14.0984 4.09313
-4.38172 -14.3354 4.13853
-4.07859 -14.5587 4.18256
-3.77522 -14.7674 4.22479
-3.4734 -14.9604 4.26483
-3.17483 -15.137 4.30231
-2.88107 -15.2967 4.33692
-2.59354 -15.439 4.36838
-2.31348 -15.5637 4.39648
-2.04189 -15.671 4.42108
-1.77954 -15.7611 4.44208
-1.52693 -15.8346 4.45949
-1.28424 -15.8924 4.47339
-1.05131 -15.9357 4.48395
-0.827612 -15.966 4.49144
-0.61223 -15.9852 4.49624
-0.4038 -15.9955 4.49884
-0.200498 -15.9994 4.49985
7.10543e-15 -16 4.5
0.200498 -15.9993 4.50015
0.4038 -15.9945 4.50116
0.61223 -15.9822 4.50376
0.827612 -15.9591 4.50856
1.05131 -15.9229 4.51605
1.28424 -15.8713 4.52661
1.52693 -15.8028 4.54051
1.77954 -15.7162 4.55792
2.04189 -15.6105 4.57892
2.31348 -15.4854 4.60352
2.59354 -15.3406 4.63162
2.88107 -15.1764 4.66308
3.17483 -14.9933 4.69769
3.4734 -14.792 4.73517
3.77522 -14.5736 4.77521
4.07859 -14.3391 4.81744
4.38172 -14.09 4.86147
4.68273 -13.8277 4.90687
4.97974 -13.5541 4.9532
5.27083 -13.2708 5
5.55412 -12.9797 5.0468
5.82775 -12.6827 5.09313
6.08995 -12.3817 5.13853
6.33907 -12.0786 5.18256
6.57356 -11.7752 5.22479
6.79205 -11.4734 5.26483
6.99333 -11.1748 5.30231
7.17643 -10.8811 5.33692
7.3406 -10.5935 5.36838
7.48535 -10.3135 5.39648
7.6105 -10.0419 5.42108
7.71618 -9.77954 5.44208
7.80285 -9.52693 5.45949
7.87134 -9.28424 5.47339
7.92289 -9.05131 5.48395
7.95913 -8.82761 5.49144
7.98216 -8.61223 5.49624
7.99454 -8.4038 5.49884
7.99929 -8.2005 5.49985
8 -8 5.5
7.99929 -7.7995 5.49985
7.99454 -7.5962 5.49884
7.98216 -7.38777 5.49624
7.95913 -7.17239 5.49144
7.92289 -6.94869 5.48395
7.87134 -6.71576 5.47339
7.80285 -6.47307 5.45949
7.71618 -6.22046 5.44208
7.6105 -5.95811 5.42108
7.48535 -5.68652 5.39648
7.3406 -5.40646 5.36838
7.17643 -5.11893 5.33692
6.99333 -4.82517 5.30231
6.79205 -4.5266 5.26483
6.57356 -4.22478 5.22479
6.33907 -3.92141 5.18256
6.08995 -3.61828 5.13853
5.82775 -3.31727 5.09313
5.55412 -3.02026 5.0468
5.27083 -2.72917 5
4.97974 -2.44588 4.9532
4.68273 -2.17225 4.90687
4.38172 -1.91005 4.86147
4.07859 -1.66093 4.81744
3.77522 -1.42644 4.77521
3.4734 -1.20795 4.73517
3.17483 -1.00667 4.69769
2.88107 -0.823572 4.66308
2.59354 -0.659404 4.63162
2.31348 -0.514648 4.60352
2.04189 -0.389495 4.57892
1.77954 -0.283819 4.55792
1.52693 -0.197152 4.54051
1.28424 -0.128659 4.52661
1.05131 -0.0771128 4.51605
0.827612 -0.040868 4.50856
0.61223 -0.0178368 4.50376
0.4038 -0.0054646 4.50116
0.200498 -0.000705925 4.50015
-7.10543e-15 -1.42109e-14 4.5
-0.200498 -0.000705925 4.49985
-0.4038 -0.0054646 4.49884
-0.61223 -0.0178368 4.49624
-0.827612 -0.040868 4.49144
-1.05131 -0.0771128 4.48395
-1.28424 -0.128659 4.47339
-1.52693 -0.197152 4.45949
-1.77954 -0.283819 4.44208
-2.04189 -0.389495 4.42108
-2.31348 -0.514648 4.39648
-2.59354 -0.659404 4.36838
-2.88107 -0.823572 4.33692
-3.17483 -1.00667 4.30231
-3.4734 -1.20795 4.26483
-3.77522 -1.42644 4.22479
-4.07859 -1.66093 4.18256
-4.38172 -1.91005 4.13853
-4.68273 -2.17225 4.09313
-4.97974 -2.44588 4.0468
-5.27083 -2.72917 4
-5.55412 -3.02026 3.9532
-5.82775 -3.31727 3.90687
-6.08995 -3.61828 3.86147
-6.33907 -3.92141 3.81744
-6.57356 -4.22478 3.77521
-6.79205 -4.5266 3.73517
-6.99333 -4.82517 3.69769
-7.17643 -5.11893 3.66308
-7.3406 -5.40646 3.63162
-7.48535 -5.68652 3.60352
-7.6105 -5.95811 3.57892
-7.71618 -6.22046 3.55792
-7.80285 -6.47307 3.54051
-7.87134 -6.71576 3.52661
-7.92289 -6.94869 3.51605
-7.95913 -7.17239 3.50856
-7.98216 -7.38777 3.50376
-7.99454 -7.5962 3.50116
-7.99929 -7.7995 3.50015
-8 -8 3.5
-7.99905 -8.2005 3.49985
-7.99264 -8.4038 3.49884
-7.97605 -8.61223 3.49624
-7.94533 -8.82761 3.49144
-7.89723 -9.05131 3.48395
-7.82922 -9.28424 3.47339
-7.73938 -9.52693 3.45949
-7.62641 -9.77954 3.44208
-7.48956 -10.0419 3.42108
-7.32861 -10.3135 3.39648
-7.14382 -10.5935 3.36838
-6.93589 -10.8811 3.33692
-6.70592 -11.1748 3.30231
-6.45535 -11.4734 3.26483
-6.18595 -11.7752 3.22479
-5.89978 -12.0786 3.18256
-5.5991 -12.3817 3.13853
-5.28638 -12.6827 3.09313
-4.96425 -12.9797 3.0468
-4.63542 -13.2708 3
-4.30268 -13.5541 2.9532
-3.96886 -13.8277 2.90687
-3.63674 -14.09 2.86147
-3.30906 -14.3391 2.81744
-2.98844 -14.5736 2.77521
-2.67738 -14.792 2.73517
-2.37816 -14.9933 2.69769
-2.09285 -15.1764 2.66308
-1.82324 -15.3406 2.63162
-1.5708 -15.4854 2.60352
-1.33663 -15.6105 2.57892
-1.12145 -15.7162 2.55792
-0.925506 -15.8028 2.54051
-0.748566 -15.8713 2.52661
-0.589862 -15.9229 2.51605
-0.448046 -15.9591 2.50856
-0.321149 -15.9822 2.50376
-0.206533 -15.9945 2.50116
-0.100851 -15.9993 2.50015
