2	4	3
2	4	3
2	4	3
2	4	3
2	4	3
2.0001	4.0001	3
2.0001	4.0002	3
2.0002	4.0003	3
2.0003	4.0004	3
2.0005	4.0006	3
2.0006	4.0008	3
2.0009	4.001	3
2.0011	4.0013	3
2.0014	4.0016	3
2.0018	4.0021	3
2.0021	4.0025	3
2.0026	4.003	3
2.0031	4.0036	3
2.0037	4.0043	3
2.0043	4.005	3
2.005	4.0058	3
2.0058	4.0067	3
2.0066	4.0077	3
2.0076	4.0088	3
2.0086	4.01	3
2.0096	4.0112	3
2.0108	4.0126	3
2.0121	4.014	3
2.0134	4.0156	3
2.0149	4.0173	3
2.0164	4.019	3
2.018	4.0209	3
2.0198	4.0229	3
2.0216	4.025	3
2.0236	4.0273	3
2.0256	4.0297	3
2.0278	4.0321	3
2.0301	4.0348	3
2.0325	4.0375	3
2.035	4.0404	3
2.0376	4.0434	3
2.0404	4.0466	3
2.0433	4.0499	3
2.0463	4.0534	3
2.0494	4.0569	3
2.0527	4.0607	3
2.0561	4.0646	3
2.0596	4.0686	3
2.0633	4.0728	3
2.0671	4.0772	3
2.0711	4.0817	3
2.0752	4.0863	3
2.0794	4.0912	3
2.0838	4.0961	3
2.0883	4.1013	3
2.093	4.1066	3
2.0979	4.1121	3
2.1029	4.1178	3
2.108	4.1236	3
2.1133	4.1296	3
2.1188	4.1357	3
2.1244	4.1421	3
2.1302	4.1486	3
2.1361	4.1553	3
2.1422	4.1622	3
2.1485	4.1692	3
2.1549	4.1765	3
2.1615	4.1839	3
2.1683	4.1915	3
2.1752	4.1992	3
2.1823	4.2072	3
2.1896	4.2153	3
2.1971	4.2237	3
2.2047	4.2322	3
2.2125	4.2409	3
2.2205	4.2498	3
2.2286	4.2589	3
2.237	4.2681	3
2.2455	4.2776	3
2.2542	4.2872	3
2.263	4.2971	3
2.2721	4.3071	3
2.2813	4.3173	3
2.2907	4.3277	3
2.3003	4.3383	3
2.3101	4.3491	3
2.3201	4.3601	3
2.3302	4.3713	3
2.3405	4.3827	3
2.351	4.3942	3
2.3618	4.406	3
2.3726	4.4179	3
2.3837	4.4301	3
2.395	4.4424	3
2.4064	4.4549	3
2.4181	4.4676	3
2.4299	4.4805	3
2.4419	4.4936	3
2.4541	4.5069	3
2.4665	4.5204	3
2.4791	4.5341	3
2.4919	4.5479	3
2.5049	4.562	3
2.518	4.5762	3
2.5314	4.5907	3
2.5449	4.6053	3
2.5587	4.6201	3
2.5726	4.6351	3
2.5867	4.6503	3
2.601	4.6657	3
2.6155	4.6812	3
2.6302	4.697	3
2.645	4.7129	3
2.6601	4.729	3
2.6754	4.7453	3
2.6908	4.7618	3
2.7064	4.7784	3
2.7223	4.7952	3
2.7383	4.8123	3
2.7545	4.8294	3
2.7709	4.8468	3
2.7875	4.8644	3
2.8042	4.8821	3
2.8212	4.9	3
2.8383	4.918	3
2.8557	4.9363	3
2.8732	4.9547	3
2.8909	4.9733	3
2.9088	4.992	3
2.9269	5.0109	3
2.9451	5.03	3
2.9636	5.0492	3
2.9822	5.0687	3
3.001	5.0882	3
3.02	5.108	3
3.0392	5.1278	3
3.0586	5.1479	3
3.0781	5.1681	3
3.0978	5.1885	3
3.1177	5.209	3
3.1378	5.2296	3
3.1581	5.2504	3
3.1785	5.2714	3
3.1991	5.2925	3
3.2199	5.3138	3
3.2409	5.3352	3
3.262	5.3567	3
3.2834	5.3784	3
3.3049	5.4002	3
3.3265	5.4222	3
3.3484	5.4443	3
3.3704	5.4665	3
3.3926	5.4889	3
3.4149	5.5114	3
3.4374	5.534	3
3.4601	5.5567	3
3.483	5.5796	3
3.506	5.6026	3
3.5292	5.6257	3
3.5525	5.6489	3
3.576	5.6723	3
3.5997	5.6958	3
3.6235	5.7193	3
3.6475	5.743	3
3.6717	5.7668	3
3.696	5.7907	3
3.7205	5.8148	3
3.7451	5.8389	3
3.7699	5.8631	3
3.7948	5.8874	3
3.8199	5.9118	3
3.8451	5.9364	3
3.8705	5.961	3
3.896	5.9857	3
3.9217	6.0104	3
3.9476	6.0353	3
3.9735	6.0603	3
3.9997	6.0853	3
4.0259	6.1104	3
4.0523	6.1356	3
4.0789	6.1609	3
4.1056	6.1863	3
4.1324	6.2117	3
4.1594	6.2372	3
4.1865	6.2627	3
4.2137	6.2884	3
4.2411	6.314	3
4.2686	6.3398	3
4.2963	6.3656	3
4.324	6.3915	3
4.3519	6.4174	3
4.38	6.4433	3
4.4081	6.4694	3
4.4364	6.4954	3
4.4648	6.5215	3
4.4933	6.5477	3
4.522	6.5739	3
4.5508	6.6001	3
4.5797	6.6264	3
4.6087	6.6527	3
4.6378	6.679	3
4.667	6.7054	3
4.6964	6.7317	3
4.7259	6.7581	3
4.7554	6.7846	3
4.7851	6.811	3
4.8149	6.8375	3
4.8448	6.864	3
4.8749	6.8905	3
4.905	6.917	3
4.9352	6.9435	3
4.9655	6.97	3
4.996	6.9965	3
4.996	6.9965	3
5.0265	7.023	3
5.0571	7.0495	3
5.0878	7.076	3
5.1186	7.1025	3
5.1494	7.129	3
5.1803	7.1555	3
5.2113	7.1819	3
5.2423	7.2083	3
5.2733	7.2347	3
5.3043	7.261	3
5.3354	7.2873	3
5.3665	7.3136	3
5.3976	7.3398	3
5.4286	7.366	3
5.4597	7.3921	3
5.4907	7.4181	3
5.5217	7.4441	3
5.5527	7.4701	3
5.5836	7.496	3
5.6145	7.5218	3
5.6453	7.5475	3
5.6761	7.5732	3
5.7068	7.5988	3
5.7374	7.6243	3
5.768	7.6497	3
5.7984	7.675	3
5.8288	7.7003	3
5.8591	7.7254	3
5.8892	7.7505	3
5.9193	7.7755	3
5.9492	7.8004	3
5.979	7.8251	3
6.0087	7.8498	3
6.0383	7.8744	3
6.0677	7.8988	3
6.097	7.9232	3
6.1262	7.9474	3
6.1552	7.9715	3
6.184	7.9955	3
6.2127	8.0194	3
6.2412	8.0432	3
6.2696	8.0668	3
6.2977	8.0903	3
6.3257	8.1137	3
6.3536	8.137	3
6.3812	8.1601	3
6.4086	8.1831	3
6.4359	8.2059	3
6.463	8.2287	3
6.4898	8.2513	3
6.5165	8.2737	3
6.5429	8.296	3
6.5692	8.3182	3
6.5952	8.3402	3
6.621	8.3621	3
6.6466	8.3838	3
6.672	8.4054	3
6.6972	8.4268	3
6.7221	8.4481	3
6.7468	8.4693	3
6.7713	8.4902	3
6.7955	8.5111	3
6.8195	8.5318	3
6.8433	8.5523	3
6.8668	8.5726	3
6.8901	8.5928	3
6.9131	8.6129	3
6.9359	8.6328	3
6.9584	8.6525	3
6.9807	8.6721	3
7.0028	8.6915	3
7.0246	8.7107	3
7.0461	8.7298	3
7.0674	8.7487	3
7.0884	8.7675	3
7.1091	8.7861	3
7.1296	8.8045	3
7.1499	8.8228	3
7.1699	8.8409	3
7.1896	8.8588	3
7.209	8.8766	3
7.2282	8.8942	3
7.2472	8.9116	3
7.2658	8.9289	3
7.2842	8.946	3
7.3024	8.9629	3
7.3202	8.9796	3
7.3378	8.9962	3
7.3552	9.0126	3
7.3722	9.0289	3
7.389	9.045	3
7.4056	9.0609	3
7.4218	9.0766	3
7.4378	9.0922	3
7.4536	9.1076	3
7.469	9.1229	3
7.4842	9.138	3
7.4992	9.1529	3
7.5139	9.1676	3
7.5283	9.1822	3
7.5424	9.1966	3
7.5563	9.2108	3
7.5699	9.2249	3
7.5833	9.2388	3
7.5964	9.2526	3
7.6093	9.2661	3
7.6219	9.2796	3
7.6342	9.2928	3
7.6463	9.3059	3
7.6581	9.3188	3
7.6697	9.3316	3
7.681	9.3442	3
7.6921	9.3566	3
7.7029	9.3689	3
7.7135	9.3811	3
7.7238	9.393	3
7.7339	9.4048	3
7.7438	9.4165	3
7.7534	9.428	3
7.7628	9.4393	3
7.7719	9.4505	3
7.7808	9.4615	3
7.7895	9.4724	3
7.7979	9.4831	3
7.8061	9.4937	3
7.8141	9.5042	3
7.8219	9.5144	3
7.8294	9.5246	3
7.8368	9.5346	3
7.8439	9.5444	3
7.8508	9.5541	3
7.8575	9.5636	3
7.8639	9.5731	3
7.8702	9.5823	3
7.8763	9.5915	3
7.8821	9.6005	3
7.8878	9.6093	3
7.8933	9.618	3
7.8986	9.6266	3
7.9037	9.6351	3
7.9086	9.6434	3
7.9133	9.6516	3
7.9178	9.6597	3
7.9222	9.6676	3
7.9264	9.6754	3
7.9304	9.6831	3
7.9342	9.6906	3
7.9379	9.6981	3
7.9414	9.7054	3
7.9448	9.7126	3
7.948	9.7197	3
7.951	9.7266	3
7.9539	9.7335	3
7.9567	9.7402	3
7.9593	9.7469	3
7.9618	9.7534	3
7.9641	9.7598	3
7.9664	9.7661	3
7.9684	9.7723	3
7.9704	9.7784	3
7.9722	9.7844	3
7.974	9.7903	3
7.9756	9.7961	3
7.9771	9.8018	3
7.9785	9.8074	3
7.9797	9.8129	3
7.9809	9.8183	3
7.982	9.8237	3
7.983	9.8289	3
7.984	9.8341	3
7.9848	9.8391	3
7.9856	9.8441	3
7.9863	9.8491	3
7.9869	9.8539	3
7.9874	9.8586	3
7.9879	9.8633	3
7.9883	9.8679	3
7.9887	9.8725	3
7.989	9.877	3
7.9893	9.8814	3
7.9895	9.8857	3
7.9897	9.89	3
7.9899	9.8942	3
7.99	9.8984	3
7.9902	9.9025	3
7.9902	9.9065	3
7.9903	9.9105	3
7.9904	9.9144	3
7.9904	9.9183	3
7.9905	9.9222	3
7.9905	9.9259	3
7.9906	9.9297	3
7.9907	9.9334	3
7.9907	9.9371	3
7.9908	9.9407	3
7.991	9.9443	3
7.9911	9.9479	3
7.9913	9.9514	3
7.9915	9.9549	3
7.9917	9.9584	3
7.992	9.9618	3
7.9924	9.9653	3
7.9928	9.9687	3
7.9932	9.972	3
7.9938	9.9754	3
7.9944	9.9788	3
7.995	9.9821	3
7.9958	9.9854	3
7.9966	9.9888	3
7.9975	9.9921	3
7.9985	9.9954	3
7.9995	9.9987	3
7.9995	9.9987	3
8.0007	10.002	3
8.002	10.005	3
8.0034	10.009	3
8.0048	10.012	3
8.0064	10.015	3
8.0081	10.019	3
8.0098	10.022	3
8.0117	10.025	3
8.0137	10.028	3
8.0157	10.032	3
8.0179	10.035	3
8.0201	10.038	3
8.0224	10.042	3
8.0248	10.045	3
8.0274	10.049	3
8.03	10.052	3
8.0327	10.055	3
8.0355	10.059	3
8.0384	10.062	3
8.0414	10.065	3
8.0444	10.069	3
8.0476	10.072	3
8.0509	10.076	3
8.0542	10.079	3
8.0577	10.083	3
8.0612	10.086	3
8.0648	10.09	3
8.0685	10.093	3
8.0723	10.097	3
8.0762	10.1	3
8.0802	10.104	3
8.0843	10.107	3
8.0884	10.111	3
8.0927	10.114	3
8.097	10.118	3
8.1014	10.122	3
8.1059	10.125	3
8.1105	10.129	3
8.1152	10.133	3
8.12	10.136	3
8.1249	10.14	3
8.1298	10.144	3
8.1349	10.147	3
8.14	10.151	3
8.1452	10.155	3
8.1505	10.159	3
8.1559	10.163	3
8.1614	10.166	3
8.1669	10.17	3
8.1726	10.174	3
8.1783	10.178	3
8.1841	10.182	3
8.1901	10.186	3
8.196	10.19	3
8.2021	10.194	3
8.2083	10.198	3
8.2145	10.202	3
8.2209	10.206	3
8.2273	10.21	3
8.2338	10.214	3
8.2404	10.218	3
8.2471	10.223	3
8.2538	10.227	3
8.2607	10.231	3
8.2676	10.235	3
8.2746	10.239	3
8.2817	10.244	3
8.2889	10.248	3
8.2962	10.252	3
8.3035	10.257	3
8.311	10.261	3
8.3185	10.265	3
8.3261	10.27	3
8.3338	10.274	3
8.3416	10.279	3
8.3494	10.283	3
8.3574	10.288	3
8.3654	10.292	3
8.3735	10.297	3
8.3817	10.301	3
8.39	10.306	3
8.3984	10.311	3
8.4068	10.315	3
8.4154	10.32	3
8.424	10.325	3
8.4327	10.33	3
8.4415	10.334	3
8.4503	10.339	3
8.4593	10.344	3
8.4683	10.349	3
8.4775	10.354	3
8.4867	10.358	3
8.496	10.363	3
8.5054	10.368	3
8.5148	10.373	3
8.5244	10.378	3
8.534	10.383	3
8.5437	10.388	3
8.5535	10.393	3
8.5634	10.398	3
8.5734	10.404	3
8.5835	10.409	3
8.5936	10.414	3
8.6038	10.419	3
8.6142	10.424	3
8.6246	10.429	3
8.635	10.435	3
8.6456	10.44	3
8.6563	10.445	3
8.667	10.451	3
8.6778	10.456	3
8.6888	10.461	3
8.6997	10.467	3
8.7108	10.472	3
8.722	10.478	3
8.7333	10.483	3
8.7446	10.488	3
8.756	10.494	3
8.7675	10.5	3
8.7791	10.505	3
8.7908	10.511	3
8.8026	10.516	3
8.8145	10.522	3
8.8264	10.527	3
8.8385	10.533	3
8.8506	10.539	3
8.8628	10.545	3
8.8751	10.55	3
8.8875	10.556	3
8.8999	10.562	3
8.9125	10.568	3
8.9252	10.573	3
8.9379	10.579	3
8.9507	10.585	3
8.9636	10.591	3
8.9766	10.597	3
8.9897	10.603	3
9.0029	10.609	3
9.0162	10.614	3
9.0295	10.62	3
9.043	10.626	3
9.0565	10.632	3
9.0701	10.638	3
9.0838	10.644	3
9.0976	10.65	3
9.1115	10.656	3
9.1255	10.663	3
9.1396	10.669	3
9.1538	10.675	3
9.168	10.681	3
9.1823	10.687	3
9.1968	10.693	3
9.2113	10.699	3
9.2259	10.705	3
9.2406	10.712	3
9.2554	10.718	3
9.2703	10.724	3
9.2853	10.73	3
9.3004	10.737	3
9.3156	10.743	3
9.3308	10.749	3
9.3462	10.755	3
9.3616	10.762	3
9.3772	10.768	3
9.3928	10.774	3
9.4085	10.781	3
9.4243	10.787	3
9.4402	10.793	3
9.4563	10.8	3
9.4724	10.806	3
9.4885	10.812	3
9.5048	10.819	3
9.5212	10.825	3
9.5377	10.832	3
9.5543	10.838	3
9.5709	10.844	3
9.5877	10.851	3
9.6046	10.857	3
9.6215	10.864	3
9.6386	10.87	3
9.6557	10.877	3
9.673	10.883	3
9.6903	10.889	3
9.7077	10.896	3
9.7253	10.902	3
9.7429	10.909	3
9.7606	10.915	3
9.7784	10.922	3
9.7964	10.928	3
9.8144	10.935	3
9.8325	10.941	3
9.8507	10.948	3
9.869	10.954	3
9.8874	10.961	3
9.906	10.967	3
9.9246	10.974	3
9.9433	10.98	3
9.9621	10.987	3
9.981	10.993	3
10	11	3
10	11	3
10.019	11.007	3
10.038	11.013	3
10.058	11.02	3
10.077	11.026	3
10.096	11.033	3
10.116	11.039	3
10.136	11.045	3
10.155	11.052	3
10.175	11.058	3
10.195	11.065	3
10.215	11.071	3
10.235	11.077	3
10.255	11.084	3
10.275	11.09	3
10.295	11.096	3
10.315	11.102	3
10.335	11.108	3
10.355	11.114	3
10.375	11.12	3
10.396	11.126	3
10.416	11.132	3
10.436	11.138	3
10.456	11.144	3
10.477	11.15	3
10.497	11.155	3
10.517	11.161	3
10.538	11.167	3
10.558	11.172	3
10.578	11.178	3
10.598	11.183	3
10.619	11.188	3
10.639	11.193	3
10.659	11.199	3
10.679	11.204	3
10.7	11.209	3
10.72	11.214	3
10.74	11.218	3
10.76	11.223	3
10.78	11.228	3
10.8	11.232	3
10.82	11.237	3
10.84	11.241	3
10.86	11.245	3
10.88	11.25	3
10.9	11.254	3
10.92	11.258	3
10.94	11.262	3
10.959	11.266	3
10.979	11.269	3
10.999	11.273	3
11.018	11.277	3
11.038	11.28	3
11.057	11.283	3
11.077	11.287	3
11.096	11.29	3
11.115	11.293	3
11.134	11.296	3
11.153	11.299	3
11.172	11.301	3
11.191	11.304	3
11.21	11.307	3
11.229	11.309	3
11.248	11.312	3
11.266	11.314	3
11.285	11.316	3
11.304	11.318	3
11.322	11.32	3
11.34	11.322	3
11.359	11.324	3
11.377	11.325	3
11.395	11.327	3
11.413	11.328	3
11.431	11.329	3
11.449	11.331	3
11.466	11.332	3
11.484	11.333	3
11.501	11.334	3
11.519	11.334	3
11.536	11.335	3
11.554	11.336	3
11.571	11.336	3
11.588	11.337	3
11.605	11.337	3
11.622	11.337	3
11.638	11.337	3
11.655	11.337	3
11.672	11.337	3
11.688	11.337	3
11.705	11.337	3
11.721	11.336	3
11.737	11.336	3
11.753	11.335	3
11.769	11.335	3
11.785	11.334	3
11.801	11.333	3
11.817	11.332	3
11.832	11.331	3
11.848	11.33	3
11.863	11.328	3
11.878	11.327	3
11.894	11.326	3
11.909	11.324	3
11.924	11.323	3
11.939	11.321	3
11.953	11.319	3
11.968	11.317	3
11.983	11.315	3
11.997	11.313	3
12.012	11.311	3
12.026	11.309	3
12.04	11.307	3
12.054	11.305	3
12.068	11.302	3
12.082	11.3	3
12.096	11.297	3
12.11	11.295	3
12.123	11.292	3
12.137	11.289	3
12.15	11.286	3
12.163	11.283	3
12.177	11.281	3
12.19	11.278	3
12.203	11.274	3
12.216	11.271	3
12.229	11.268	3
12.241	11.265	3
12.254	11.262	3
12.267	11.258	3
12.279	11.255	3
12.291	11.251	3
12.304	11.248	3
12.316	11.244	3
12.328	11.241	3
12.34	11.237	3
12.352	11.233	3
12.364	11.23	3
12.376	11.226	3
12.387	11.222	3
12.399	11.218	3
12.411	11.214	3
12.422	11.211	3
12.433	11.207	3
12.445	11.203	3
12.456	11.199	3
12.467	11.195	3
12.478	11.191	3
12.489	11.187	3
12.5	11.183	3
12.511	11.179	3
12.522	11.174	3
12.533	11.17	3
12.543	11.166	3
12.554	11.162	3
12.564	11.158	3
12.575	11.154	3
12.585	11.15	3
12.596	11.146	3
12.606	11.142	3
12.616	11.137	3
12.626	11.133	3
12.636	11.129	3
12.646	11.125	3
12.656	11.121	3
12.666	11.117	3
12.676	11.113	3
12.686	11.109	3
12.696	11.105	3
12.705	11.101	3
12.715	11.097	3
12.725	11.093	3
12.734	11.089	3
12.744	11.085	3
12.753	11.081	3
12.763	11.078	3
12.772	11.074	3
12.782	11.07	3
12.791	11.067	3
12.8	11.063	3
12.81	11.059	3
12.819	11.056	3
12.828	11.052	3
12.837	11.049	3
12.847	11.046	3
12.856	11.042	3
12.865	11.039	3
12.874	11.036	3
12.883	11.033	3
12.892	11.03	3
12.901	11.027	3
12.91	11.024	3
12.919	11.021	3
12.928	11.019	3
12.937	11.016	3
12.946	11.013	3
12.955	11.011	3
12.964	11.009	3
12.973	11.006	3
12.982	11.004	3
12.991	11.002	3
13	11	3
13	11	3
13.009	10.998	3
13.018	10.996	3
13.027	10.995	3
13.036	10.993	3
13.045	10.991	3
13.054	10.99	3
13.063	10.989	3
13.072	10.987	3
13.081	10.986	3
13.09	10.985	3
13.099	10.984	3
13.107	10.983	3
13.116	10.982	3
13.125	10.981	3
13.134	10.98	3
13.143	10.98	3
13.152	10.979	3
13.161	10.978	3
13.17	10.978	3
13.179	10.977	3
13.188	10.977	3
13.198	10.976	3
13.207	10.976	3
13.216	10.976	3
13.225	10.975	3
13.234	10.975	3
13.243	10.975	3
13.252	10.975	3
13.261	10.974	3
13.27	10.974	3
13.279	10.974	3
13.288	10.974	3
13.297	10.974	3
13.307	10.974	3
13.316	10.974	3
13.325	10.974	3
13.334	10.974	3
13.343	10.974	3
13.352	10.974	3
13.362	10.974	3
13.371	10.974	3
13.38	10.975	3
13.389	10.975	3
13.398	10.975	3
13.408	10.975	3
13.417	10.975	3
13.426	10.975	3
13.436	10.975	3
13.445	10.976	3
13.454	10.976	3
13.464	10.976	3
13.473	10.976	3
13.482	10.976	3
13.492	10.976	3
13.501	10.977	3
13.51	10.977	3
13.52	10.977	3
13.529	10.977	3
13.539	10.977	3
13.548	10.977	3
13.558	10.977	3
13.567	10.977	3
13.577	10.978	3
13.586	10.978	3
13.596	10.978	3
13.605	10.978	3
13.615	10.978	3
13.624	10.978	3
13.634	10.978	3
13.643	10.978	3
13.653	10.978	3
13.663	10.978	3
13.672	10.978	3
13.682	10.978	3
13.692	10.978	3
13.701	10.978	3
13.711	10.978	3
13.721	10.978	3
13.73	10.978	3
13.74	10.977	3
13.75	10.977	3
13.76	10.977	3
13.77	10.977	3
13.779	10.977	3
13.789	10.977	3
13.799	10.976	3
13.809	10.976	3
13.819	10.976	3
13.829	10.976	3
13.839	10.975	3
13.848	10.975	3
13.858	10.975	3
13.868	10.974	3
13.878	10.974	3
13.888	10.974	3
13.898	10.973	3
13.908	10.973	3
13.918	10.972	3
13.928	10.972	3
13.938	10.972	3
13.948	10.971	3
13.959	10.971	3
13.969	10.97	3
13.979	10.97	3
13.989	10.969	3
13.999	10.969	3
14.009	10.968	3
14.019	10.968	3
14.03	10.967	3
14.04	10.967	3
14.05	10.966	3
14.06	10.965	3
14.07	10.965	3
14.081	10.964	3
14.091	10.964	3
14.101	10.963	3
14.111	10.963	3
14.122	10.962	3
14.132	10.961	3
14.142	10.961	3
14.153	10.96	3
14.163	10.96	3
14.173	10.959	3
14.184	10.958	3
14.194	10.958	3
14.205	10.957	3
14.215	10.957	3
14.226	10.956	3
14.236	10.955	3
14.246	10.955	3
14.257	10.954	3
14.267	10.954	3
14.278	10.953	3
14.288	10.953	3
14.299	10.952	3
14.309	10.952	3
14.32	10.951	3
14.331	10.951	3
14.341	10.95	3
14.352	10.95	3
14.362	10.949	3
14.373	10.949	3
14.383	10.948	3
14.394	10.948	3
14.405	10.948	3
14.415	10.947	3
14.426	10.947	3
14.437	10.947	3
14.447	10.946	3
14.458	10.946	3
14.469	10.946	3
14.479	10.946	3
14.49	10.946	3
14.501	10.946	3
14.512	10.946	3
14.522	10.946	3
14.533	10.946	3
14.544	10.946	3
14.555	10.946	3
14.565	10.946	3
14.576	10.946	3
14.587	10.946	3
14.598	10.946	3
14.608	10.947	3
14.619	10.947	3
14.63	10.947	3
14.641	10.948	3
14.652	10.948	3
14.662	10.949	3
14.673	10.95	3
14.684	10.95	3
14.695	10.951	3
14.706	10.952	3
14.717	10.952	3
14.728	10.953	3
14.738	10.954	3
14.749	10.955	3
14.76	10.956	3
14.771	10.958	3
14.782	10.959	3
14.793	10.96	3
14.804	10.961	3
14.815	10.963	3
14.825	10.964	3
14.836	10.966	3
14.847	10.968	3
14.858	10.969	3
14.869	10.971	3
14.88	10.973	3
14.891	10.975	3
14.902	10.977	3
14.913	10.979	3
14.924	10.982	3
14.934	10.984	3
14.945	10.986	3
14.956	10.989	3
14.967	10.992	3
14.978	10.994	3
14.989	10.997	3
15	11	3
15	11	3
15.011	11.003	3
15.022	11.006	3
15.033	11.009	3
15.044	11.013	3
15.055	11.016	3
15.066	11.019	3
15.077	11.023	3
15.087	11.027	3
15.098	11.03	3
15.109	11.034	3
15.12	11.038	3
15.131	11.042	3
15.142	11.046	3
15.154	11.05	3
15.165	11.054	3
15.176	11.058	3
15.187	11.062	3
15.198	11.067	3
15.209	11.071	3
15.22	11.075	3
15.231	11.08	3
15.243	11.084	3
15.254	11.089	3
15.265	11.094	3
15.277	11.098	3
15.288	11.103	3
15.299	11.107	3
15.311	11.112	3
15.322	11.117	3
15.334	11.122	3
15.345	11.127	3
15.357	11.131	3
15.368	11.136	3
15.38	11.141	3
15.392	11.146	3
15.403	11.151	3
15.415	11.156	3
15.427	11.161	3
15.439	11.166	3
15.451	11.171	3
15.463	11.176	3
15.475	11.181	3
15.487	11.186	3
15.499	11.191	3
15.511	11.196	3
15.523	11.201	3
15.535	11.207	3
15.548	11.212	3
15.56	11.217	3
15.572	11.222	3
15.585	11.227	3
15.597	11.232	3
15.61	11.237	3
15.622	11.242	3
15.635	11.247	3
15.647	11.252	3
15.66	11.258	3
15.673	11.263	3
15.686	11.268	3
15.699	11.273	3
15.712	11.278	3
15.725	11.283	3
15.738	11.288	3
15.751	11.293	3
15.764	11.298	3
15.777	11.303	3
15.79	11.308	3
15.804	11.313	3
15.817	11.318	3
15.831	11.323	3
15.844	11.328	3
15.858	11.333	3
15.871	11.338	3
15.885	11.343	3
15.899	11.348	3
15.912	11.353	3
15.926	11.358	3
15.94	11.363	3
15.954	11.367	3
15.968	11.372	3
15.982	11.377	3
15.996	11.382	3
16.011	11.387	3
16.025	11.392	3
16.039	11.396	3
16.054	11.401	3
16.068	11.406	3
16.082	11.411	3
16.097	11.415	3
16.112	11.42	3
16.126	11.425	3
16.141	11.429	3
16.156	11.434	3
16.171	11.439	3
16.186	11.443	3
16.201	11.448	3
16.216	11.453	3
16.231	11.457	3
16.246	11.462	3
16.261	11.466	3
16.276	11.471	3
16.291	11.475	3
16.307	11.48	3
16.322	11.484	3
16.338	11.489	3
16.353	11.493	3
16.369	11.498	3
16.385	11.502	3
16.4	11.507	3
16.416	11.511	3
16.432	11.516	3
16.448	11.52	3
16.464	11.525	3
16.48	11.529	3
16.496	11.534	3
16.512	11.538	3
16.528	11.543	3
16.544	11.547	3
16.56	11.551	3
16.577	11.556	3
16.593	11.56	3
16.609	11.565	3
16.626	11.569	3
16.642	11.574	3
16.659	11.578	3
16.675	11.582	3
16.692	11.587	3
16.709	11.591	3
16.725	11.596	3
16.742	11.6	3
16.759	11.605	3
16.776	11.609	3
16.793	11.614	3
16.81	11.618	3
16.827	11.623	3
16.844	11.627	3
16.861	11.632	3
16.878	11.636	3
16.895	11.641	3
16.913	11.646	3
16.93	11.65	3
16.947	11.655	3
16.965	11.659	3
16.982	11.664	3
16.999	11.669	3
17.017	11.674	3
17.034	11.678	3
17.052	11.683	3
17.07	11.688	3
17.087	11.693	3
17.105	11.698	3
17.122	11.702	3
17.14	11.707	3
17.158	11.712	3
17.176	11.717	3
17.194	11.722	3
17.211	11.727	3
17.229	11.732	3
17.247	11.738	3
17.265	11.743	3
17.283	11.748	3
17.301	11.753	3
17.319	11.759	3
17.337	11.764	3
17.355	11.769	3
17.374	11.775	3
17.392	11.78	3
17.41	11.786	3
17.428	11.792	3
17.446	11.797	3
17.465	11.803	3
17.483	11.809	3
17.501	11.815	3
17.519	11.82	3
17.538	11.826	3
17.556	11.832	3
17.574	11.839	3
17.593	11.845	3
17.611	11.851	3
17.63	11.857	3
17.648	11.864	3
17.666	11.87	3
17.685	11.877	3
17.703	11.883	3
17.722	11.89	3
17.74	11.897	3
17.759	11.903	3
17.777	11.91	3
17.796	11.917	3
17.814	11.924	3
17.833	11.932	3
17.852	11.939	3
17.87	11.946	3
17.889	11.954	3
17.907	11.961	3
17.926	11.969	3
17.944	11.976	3
17.963	11.984	3
17.981	11.992	3
18	12	3
18	12	3
18.019	12.008	3
18.037	12.016	3
18.056	12.025	3
18.074	12.033	3
18.093	12.041	3
18.111	12.05	3
18.13	12.059	3
18.148	12.067	3
18.167	12.076	3
18.185	12.085	3
18.204	12.094	3
18.222	12.103	3
18.241	12.112	3
18.259	12.122	3
18.278	12.131	3
18.296	12.14	3
18.315	12.15	3
18.333	12.159	3
18.351	12.169	3
18.37	12.179	3
18.388	12.189	3
18.406	12.199	3
18.424	12.208	3
18.443	12.219	3
18.461	12.229	3
18.479	12.239	3
18.497	12.249	3
18.515	12.259	3
18.533	12.27	3
18.551	12.28	3
18.569	12.291	3
18.587	12.301	3
18.605	12.312	3
18.623	12.322	3
18.641	12.333	3
18.658	12.344	3
18.676	12.355	3
18.694	12.366	3
18.712	12.377	3
18.729	12.388	3
18.747	12.399	3
18.764	12.41	3
18.782	12.421	3
18.799	12.432	3
18.817	12.444	3
18.834	12.455	3
18.851	12.466	3
18.869	12.478	3
18.886	12.489	3
18.903	12.501	3
18.92	12.512	3
18.937	12.524	3
18.954	12.536	3
18.971	12.548	3
18.988	12.559	3
19.005	12.571	3
19.022	12.583	3
19.038	12.595	3
19.055	12.607	3
19.072	12.619	3
19.088	12.631	3
19.105	12.643	3
19.121	12.655	3
19.138	12.668	3
19.154	12.68	3
19.17	12.692	3
19.187	12.704	3
19.203	12.717	3
19.219	12.729	3
19.235	12.742	3
19.251	12.754	3
19.267	12.767	3
19.283	12.779	3
19.299	12.792	3
19.315	12.805	3
19.33	12.817	3
19.346	12.83	3
19.362	12.843	3
19.377	12.856	3
19.393	12.868	3
19.408	12.881	3
19.423	12.894	3
19.439	12.907	3
19.454	12.92	3
19.469	12.933	3
19.484	12.946	3
19.499	12.959	3
19.514	12.973	3
19.529	12.986	3
19.544	12.999	3
19.559	13.012	3
19.574	13.026	3
19.589	13.039	3
19.603	13.052	3
19.618	13.066	3
19.632	13.079	3
19.647	13.093	3
19.661	13.106	3
19.675	13.12	3
19.69	13.134	3
19.704	13.147	3
19.718	13.161	3
19.732	13.175	3
19.746	13.189	3
19.76	13.202	3
19.774	13.216	3
19.788	13.23	3
19.802	13.244	3
19.816	13.258	3
19.829	13.272	3
19.843	13.286	3
19.857	13.3	3
19.87	13.315	3
19.884	13.329	3
19.897	13.343	3
19.91	13.357	3
19.924	13.372	3
19.937	13.386	3
19.95	13.4	3
19.963	13.415	3
19.976	13.429	3
19.989	13.444	3
20.002	13.459	3
20.015	13.473	3
20.028	13.488	3
20.041	13.503	3
20.054	13.517	3
20.066	13.532	3
20.079	13.547	3
20.092	13.562	3
20.104	13.577	3
20.117	13.592	3
20.129	13.607	3
20.141	13.622	3
20.154	13.637	3
20.166	13.652	3
20.178	13.668	3
20.191	13.683	3
20.203	13.698	3
20.215	13.714	3
20.227	13.729	3
20.239	13.745	3
20.251	13.76	3
20.263	13.776	3
20.275	13.792	3
20.286	13.807	3
20.298	13.823	3
20.31	13.839	3
20.322	13.855	3
20.333	13.871	3
20.345	13.887	3
20.356	13.903	3
20.368	13.919	3
20.379	13.935	3
20.391	13.951	3
20.402	13.968	3
20.414	13.984	3
20.425	14.001	3
20.436	14.017	3
20.448	14.034	3
20.459	14.05	3
20.47	14.067	3
20.481	14.084	3
20.492	14.1	3
20.503	14.117	3
20.514	14.134	3
20.525	14.151	3
20.536	14.168	3
20.547	14.186	3
20.558	14.203	3
20.569	14.22	3
20.58	14.237	3
20.591	14.255	3
20.602	14.272	3
20.612	14.29	3
20.623	14.308	3
20.634	14.325	3
20.645	14.343	3
20.655	14.361	3
20.666	14.379	3
20.677	14.397	3
20.687	14.415	3
20.698	14.433	3
20.708	14.451	3
20.719	14.47	3
20.729	14.488	3
20.74	14.507	3
20.75	14.525	3
20.761	14.544	3
20.771	14.563	3
20.782	14.581	3
20.792	14.6	3
20.803	14.619	3
20.813	14.638	3
20.823	14.658	3
20.834	14.677	3
20.844	14.696	3
20.855	14.716	3
20.865	14.735	3
20.875	14.755	3
20.886	14.774	3
20.896	14.794	3
20.906	14.814	3
20.916	14.834	3
20.927	14.854	3
20.937	14.874	3
20.947	14.895	3
20.958	14.915	3
20.968	14.935	3
20.978	14.956	3
20.988	14.977	3
20.999	14.997	3
20.999	14.997	3
21.009	15.018	3
21.019	15.039	3
21.029	15.06	3
21.04	15.081	3
21.05	15.102	3
21.06	15.124	3
21.071	15.145	3
21.081	15.166	3
21.091	15.188	3
21.101	15.209	3
21.112	15.231	3
21.122	15.252	3
21.132	15.274	3
21.142	15.296	3
21.153	15.317	3
21.163	15.339	3
21.173	15.361	3
21.183	15.382	3
21.194	15.404	3
21.204	15.426	3
21.214	15.448	3
21.224	15.469	3
21.235	15.491	3
21.245	15.513	3
21.255	15.534	3
21.265	15.556	3
21.276	15.578	3
21.286	15.599	3
21.296	15.621	3
21.306	15.642	3
21.316	15.664	3
21.327	15.685	3
21.337	15.707	3
21.347	15.728	3
21.357	15.749	3
21.368	15.771	3
21.378	15.792	3
21.388	15.813	3
21.398	15.834	3
21.408	15.855	3
21.419	15.876	3
21.429	15.897	3
21.439	15.918	3
21.449	15.938	3
21.459	15.959	3
21.47	15.979	3
21.48	16	3
21.49	16.02	3
21.5	16.041	3
21.51	16.061	3
21.52	16.081	3
21.531	16.101	3
21.541	16.121	3
21.551	16.14	3
21.561	16.16	3
21.571	16.18	3
21.581	16.199	3
21.592	16.219	3
21.602	16.238	3
21.612	16.257	3
21.622	16.276	3
21.632	16.295	3
21.642	16.314	3
21.652	16.332	3
21.662	16.351	3
21.673	16.37	3
21.683	16.388	3
21.693	16.406	3
21.703	16.424	3
21.713	16.442	3
21.723	16.46	3
21.733	16.478	3
21.743	16.495	3
21.753	16.513	3
21.764	16.53	3
21.774	16.548	3
21.784	16.565	3
21.794	16.582	3
21.804	16.598	3
21.814	16.615	3
21.824	16.632	3
21.834	16.648	3
21.844	16.665	3
21.854	16.681	3
21.864	16.697	3
21.874	16.713	3
21.884	16.729	3
21.894	16.745	3
21.904	16.76	3
21.914	16.776	3
21.924	16.791	3
21.934	16.806	3
21.944	16.821	3
21.954	16.836	3
21.964	16.851	3
21.974	16.866	3
21.984	16.88	3
21.994	16.895	3
22.004	16.909	3
22.014	16.923	3
22.024	16.937	3
22.034	16.951	3
22.044	16.965	3
22.054	16.979	3
22.064	16.993	3
22.074	17.006	3
22.084	17.019	3
22.094	17.033	3
22.104	17.046	3
22.114	17.059	3
22.124	17.072	3
22.134	17.085	3
22.144	17.097	3
22.154	17.11	3
22.164	17.122	3
22.174	17.135	3
22.184	17.147	3
22.194	17.159	3
22.204	17.171	3
22.214	17.183	3
22.224	17.195	3
22.233	17.207	3
22.243	17.218	3
22.253	17.23	3
22.263	17.242	3
22.273	17.253	3
22.283	17.264	3
22.293	17.275	3
22.303	17.287	3
22.313	17.298	3
22.323	17.309	3
22.332	17.32	3
22.342	17.33	3
22.352	17.341	3
22.362	17.352	3
22.372	17.362	3
22.382	17.373	3
22.392	17.383	3
22.402	17.394	3
22.411	17.404	3
22.421	17.414	3
22.431	17.424	3
22.441	17.435	3
22.451	17.445	3
22.461	17.455	3
22.471	17.465	3
22.48	17.475	3
22.49	17.485	3
22.5	17.494	3
22.51	17.504	3
22.52	17.514	3
22.53	17.524	3
22.539	17.533	3
22.549	17.543	3
22.559	17.553	3
22.569	17.562	3
22.579	17.572	3
22.589	17.582	3
22.598	17.591	3
22.608	17.601	3
22.618	17.61	3
22.628	17.62	3
22.638	17.629	3
22.648	17.639	3
22.657	17.648	3
22.667	17.658	3
22.677	17.667	3
22.687	17.677	3
22.697	17.686	3
22.706	17.696	3
22.716	17.705	3
22.726	17.715	3
22.736	17.724	3
22.746	17.734	3
22.755	17.743	3
22.765	17.753	3
22.775	17.763	3
22.785	17.772	3
22.795	17.782	3
22.804	17.792	3
22.814	17.802	3
22.824	17.812	3
22.834	17.822	3
22.843	17.831	3
22.853	17.842	3
22.863	17.852	3
22.873	17.862	3
22.883	17.872	3
22.892	17.882	3
22.902	17.892	3
22.912	17.903	3
22.922	17.913	3
22.932	17.924	3
22.941	17.934	3
22.951	17.945	3
22.961	17.956	3
22.971	17.967	3
22.98	17.978	3
22.99	17.989	3
23	18	3
23	18	3
23.01	18.011	3
23.02	18.023	3
23.029	18.034	3
23.039	18.046	3
23.049	18.057	3
23.059	18.069	3
23.068	18.081	3
23.078	18.093	3
23.088	18.105	3
23.098	18.117	3
23.108	18.129	3
23.117	18.141	3
23.127	18.153	3
23.137	18.166	3
23.147	18.178	3
23.157	18.191	3
23.166	18.203	3
23.176	18.216	3
23.186	18.228	3
23.196	18.241	3
23.206	18.254	3
23.215	18.267	3
23.225	18.28	3
23.235	18.293	3
23.245	18.306	3
23.255	18.319	3
23.264	18.332	3
23.274	18.345	3
23.284	18.359	3
23.294	18.372	3
23.304	18.385	3
23.313	18.399	3
23.323	18.412	3
23.333	18.425	3
23.343	18.439	3
23.353	18.452	3
23.362	18.466	3
23.372	18.48	3
23.382	18.493	3
23.392	18.507	3
23.402	18.521	3
23.412	18.534	3
23.421	18.548	3
23.431	18.562	3
23.441	18.576	3
23.451	18.59	3
23.461	18.604	3
23.471	18.618	3
23.481	18.631	3
23.49	18.645	3
23.5	18.659	3
23.51	18.673	3
23.52	18.687	3
23.53	18.702	3
23.54	18.716	3
23.55	18.73	3
23.56	18.744	3
23.569	18.758	3
23.579	18.772	3
23.589	18.786	3
23.599	18.8	3
23.609	18.815	3
23.619	18.829	3
23.629	18.843	3
23.639	18.857	3
23.649	18.872	3
23.658	18.886	3
23.668	18.9	3
23.678	18.915	3
23.688	18.929	3
23.698	18.943	3
23.708	18.958	3
23.718	18.972	3
23.728	18.986	3
23.738	19.001	3
23.748	19.015	3
23.758	19.029	3
23.768	19.044	3
23.778	19.058	3
23.788	19.073	3
23.797	19.087	3
23.807	19.102	3
23.817	19.116	3
23.827	19.131	3
23.837	19.145	3
23.847	19.16	3
23.857	19.174	3
23.867	19.189	3
23.877	19.203	3
23.887	19.218	3
23.897	19.232	3
23.907	19.247	3
23.917	19.261	3
23.927	19.276	3
23.937	19.29	3
23.947	19.305	3
23.957	19.32	3
23.967	19.334	3
23.977	19.349	3
23.987	19.364	3
23.997	19.378	3
24.007	19.393	3
24.017	19.408	3
24.027	19.422	3
24.037	19.437	3
24.047	19.452	3
24.057	19.467	3
24.067	19.481	3
24.077	19.496	3
24.087	19.511	3
24.097	19.526	3
24.108	19.541	3
24.118	19.555	3
24.128	19.57	3
24.138	19.585	3
24.148	19.6	3
24.158	19.615	3
24.168	19.63	3
24.178	19.645	3
24.188	19.66	3
24.198	19.675	3
24.208	19.69	3
24.218	19.705	3
24.228	19.72	3
24.238	19.735	3
24.248	19.75	3
24.259	19.765	3
24.269	19.781	3
24.279	19.796	3
24.289	19.811	3
24.299	19.826	3
24.309	19.842	3
24.319	19.857	3
24.329	19.872	3
24.339	19.888	3
24.349	19.903	3
24.36	19.918	3
24.37	19.934	3
24.38	19.949	3
24.39	19.965	3
24.4	19.981	3
24.41	19.996	3
24.42	20.012	3
24.43	20.028	3
24.441	20.043	3
24.451	20.059	3
24.461	20.075	3
24.471	20.091	3
24.481	20.107	3
24.491	20.123	3
24.501	20.139	3
24.512	20.155	3
24.522	20.171	3
24.532	20.187	3
24.542	20.203	3
24.552	20.219	3
24.562	20.236	3
24.572	20.252	3
24.583	20.268	3
24.593	20.285	3
24.603	20.301	3
24.613	20.318	3
24.623	20.335	3
24.633	20.351	3
24.644	20.368	3
24.654	20.385	3
24.664	20.402	3
24.674	20.419	3
24.684	20.436	3
24.694	20.453	3
24.705	20.47	3
24.715	20.487	3
24.725	20.504	3
24.735	20.522	3
24.745	20.539	3
24.755	20.556	3
24.766	20.574	3
24.776	20.592	3
24.786	20.609	3
24.796	20.627	3
24.806	20.645	3
24.817	20.663	3
24.827	20.681	3
24.837	20.699	3
24.847	20.717	3
24.857	20.735	3
24.868	20.754	3
24.878	20.772	3
24.888	20.791	3
24.898	20.809	3
24.908	20.828	3
24.918	20.847	3
24.929	20.865	3
24.939	20.884	3
24.949	20.903	3
24.959	20.923	3
24.969	20.942	3
24.98	20.961	3
24.99	20.98	3
25	21	3
