8	6	3
8	6	3
8	6	3
8	6	3
8	6	3
8.0001	6.0001	3
8.0002	6.0001	3
8.0003	6.0002	3
8.0004	6.0003	3
8.0006	6.0005	3
8.0008	6.0006	3
8.001	6.0009	3
8.0013	6.0011	3
8.0016	6.0014	3
8.0021	6.0018	3
8.0025	6.0021	3
8.003	6.0026	3
8.0036	6.0031	3
8.0043	6.0037	3
8.005	6.0043	3
8.0058	6.005	3
8.0067	6.0058	3
8.0077	6.0066	3
8.0088	6.0076	3
8.01	6.0086	3
8.0112	6.0096	3
8.0126	6.0108	3
8.014	6.0121	3
8.0156	6.0134	3
8.0173	6.0149	3
8.019	6.0164	3
8.0209	6.018	3
8.0229	6.0198	3
8.025	6.0216	3
8.0273	6.0236	3
8.0297	6.0256	3
8.0321	6.0278	3
8.0348	6.0301	3
8.0375	6.0325	3
8.0404	6.035	3
8.0434	6.0376	3
8.0466	6.0404	3
8.0499	6.0433	3
8.0534	6.0463	3
8.0569	6.0494	3
8.0607	6.0527	3
8.0646	6.0561	3
8.0686	6.0596	3
8.0728	6.0633	3
8.0772	6.0671	3
8.0817	6.0711	3
8.0863	6.0752	3
8.0912	6.0794	3
8.0961	6.0838	3
8.1013	6.0883	3
8.1066	6.093	3
8.1121	6.0979	3
8.1178	6.1029	3
8.1236	6.108	3
8.1296	6.1133	3
8.1357	6.1188	3
8.1421	6.1244	3
8.1486	6.1302	3
8.1553	6.1361	3
8.1622	6.1422	3
8.1692	6.1485	3
8.1765	6.1549	3
8.1839	6.1615	3
8.1915	6.1683	3
8.1992	6.1752	3
8.2072	6.1823	3
8.2153	6.1896	3
8.2237	6.1971	3
8.2322	6.2047	3
8.2409	6.2125	3
8.2498	6.2205	3
8.2589	6.2286	3
8.2681	6.237	3
8.2776	6.2455	3
8.2872	6.2542	3
8.2971	6.263	3
8.3071	6.2721	3
8.3173	6.2813	3
8.3277	6.2907	3
8.3383	6.3003	3
8.3491	6.3101	3
8.3601	6.3201	3
8.3713	6.3302	3
8.3827	6.3405	3
8.3942	6.351	3
8.406	6.3618	3
8.4179	6.3726	3
8.4301	6.3837	3
8.4424	6.395	3
8.4549	6.4064	3
8.4676	6.4181	3
8.4805	6.4299	3
8.4936	6.4419	3
8.5069	6.4541	3
8.5204	6.4665	3
8.5341	6.4791	3
8.5479	6.4919	3
8.562	6.5049	3
8.5762	6.518	3
8.5907	6.5314	3
8.6053	6.5449	3
8.6201	6.5587	3
8.6351	6.5726	3
8.6503	6.5867	3
8.6657	6.601	3
8.6812	6.6155	3
8.697	6.6302	3
8.7129	6.645	3
8.729	6.6601	3
8.7453	6.6754	3
8.7618	6.6908	3
8.7784	6.7064	3
8.7952	6.7223	3
8.8123	6.7383	3
8.8294	6.7545	3
8.8468	6.7709	3
8.8644	6.7875	3
8.8821	6.8042	3
8.9	6.8212	3
8.918	6.8383	3
8.9363	6.8557	3
8.9547	6.8732	3
8.9733	6.8909	3
8.992	6.9088	3
9.0109	6.9269	3
9.03	6.9451	3
9.0492	6.9636	3
9.0687	6.9822	3
9.0882	7.001	3
9.108	7.02	3
9.1278	7.0392	3
9.1479	7.0586	3
9.1681	7.0781	3
9.1885	7.0978	3
9.209	7.1177	3
9.2296	7.1378	3
9.2504	7.1581	3
9.2714	7.1785	3
9.2925	7.1991	3
9.3138	7.2199	3
9.3352	7.2409	3
9.3567	7.262	3
9.3784	7.2834	3
9.4002	7.3049	3
9.4222	7.3265	3
9.4443	7.3484	3
9.4665	7.3704	3
9.4889	7.3926	3
9.5114	7.4149	3
9.534	7.4374	3
9.5567	7.4601	3
9.5796	7.483	3
9.6026	7.506	3
9.6257	7.5292	3
9.6489	7.5525	3
9.6723	7.576	3
9.6958	7.5997	3
9.7193	7.6235	3
9.743	7.6475	3
9.7668	7.6717	3
9.7907	7.696	3
9.8148	7.7205	3
9.8389	7.7451	3
9.8631	7.7699	3
9.8874	7.7948	3
9.9118	7.8199	3
9.9364	7.8451	3
9.961	7.8705	3
9.9857	7.896	3
10.01	7.9217	3
10.035	7.9476	3
10.06	7.9735	3
10.085	7.9997	3
10.11	8.0259	3
10.136	8.0523	3
10.161	8.0789	3
10.186	8.1056	3
10.212	8.1324	3
10.237	8.1594	3
10.263	8.1865	3
10.288	8.2137	3
10.314	8.2411	3
10.34	8.2686	3
10.366	8.2963	3
10.391	8.324	3
10.417	8.3519	3
10.443	8.38	3
10.469	8.4081	3
10.495	8.4364	3
10.522	8.4648	3
10.548	8.4933	3
10.574	8.522	3
10.6	8.5508	3
10.626	8.5797	3
10.653	8.6087	3
10.679	8.6378	3
10.705	8.667	3
10.732	8.6964	3
10.758	8.7259	3
10.785	8.7554	3
10.811	8.7851	3
10.837	8.8149	3
10.864	8.8448	3
10.89	8.8749	3
10.917	8.905	3
10.943	8.9352	3
10.97	8.9655	3
10.996	8.996	3
10.996	8.996	3
11.023	9.0265	3
11.05	9.0571	3
11.076	9.0878	3
11.103	9.1186	3
11.129	9.1495	3
11.155	9.1804	3
11.182	9.2113	3
11.208	9.2423	3
11.235	9.2734	3
11.261	9.3045	3
11.287	9.3356	3
11.313	9.3667	3
11.34	9.3978	3
11.366	9.4289	3
11.392	9.46	3
11.418	9.4911	3
11.444	9.5222	3
11.469	9.5533	3
11.495	9.5843	3
11.521	9.6153	3
11.547	9.6463	3
11.572	9.6772	3
11.598	9.708	3
11.623	9.7388	3
11.648	9.7695	3
11.673	9.8002	3
11.698	9.8307	3
11.723	9.8612	3
11.748	9.8916	3
11.773	9.9219	3
11.797	9.9521	3
11.822	9.9822	3
11.846	10.012	3
11.871	10.042	3
11.895	10.072	3
11.919	10.101	3
11.943	10.131	3
11.966	10.16	3
11.99	10.189	3
12.014	10.219	3
12.037	10.247	3
12.06	10.276	3
12.083	10.305	3
12.106	10.333	3
12.129	10.362	3
12.152	10.39	3
12.174	10.418	3
12.196	10.445	3
12.219	10.473	3
12.241	10.5	3
12.263	10.528	3
12.284	10.555	3
12.306	10.582	3
12.327	10.608	3
12.349	10.635	3
12.37	10.661	3
12.391	10.687	3
12.411	10.713	3
12.432	10.738	3
12.452	10.764	3
12.473	10.789	3
12.493	10.814	3
12.513	10.839	3
12.532	10.863	3
12.552	10.888	3
12.571	10.912	3
12.591	10.935	3
12.61	10.959	3
12.629	10.982	3
12.647	11.006	3
12.666	11.028	3
12.684	11.051	3
12.702	11.074	3
12.72	11.096	3
12.738	11.118	3
12.756	11.139	3
12.773	11.161	3
12.791	11.182	3
12.808	11.203	3
12.825	11.224	3
12.842	11.244	3
12.858	11.264	3
12.875	11.284	3
12.891	11.304	3
12.907	11.323	3
12.923	11.342	3
12.939	11.361	3
12.954	11.38	3
12.969	11.398	3
12.985	11.416	3
13	11.434	3
13.015	11.452	3
13.029	11.469	3
13.044	11.486	3
13.058	11.503	3
13.072	11.52	3
13.086	11.536	3
13.1	11.552	3
13.114	11.568	3
13.127	11.583	3
13.141	11.598	3
13.154	11.613	3
13.167	11.628	3
13.18	11.643	3
13.192	11.657	3
13.205	11.671	3
13.217	11.684	3
13.229	11.698	3
13.241	11.711	3
13.253	11.724	3
13.265	11.736	3
13.276	11.749	3
13.288	11.761	3
13.299	11.773	3
13.31	11.784	3
13.321	11.796	3
13.332	11.807	3
13.342	11.818	3
13.353	11.828	3
13.363	11.839	3
13.374	11.849	3
13.384	11.859	3
13.394	11.868	3
13.403	11.878	3
13.413	11.887	3
13.423	11.896	3
13.432	11.904	3
13.441	11.913	3
13.45	11.921	3
13.459	11.929	3
13.468	11.937	3
13.477	11.944	3
13.486	11.951	3
13.494	11.958	3
13.503	11.965	3
13.511	11.972	3
13.519	11.978	3
13.527	11.984	3
13.535	11.99	3
13.543	11.996	3
13.551	12.001	3
13.559	12.006	3
13.566	12.011	3
13.574	12.016	3
13.581	12.021	3
13.588	12.025	3
13.595	12.029	3
13.603	12.033	3
13.61	12.037	3
13.617	12.041	3
13.623	12.044	3
13.63	12.048	3
13.637	12.051	3
13.643	12.053	3
13.65	12.056	3
13.657	12.059	3
13.663	12.061	3
13.669	12.063	3
13.676	12.065	3
13.682	12.067	3
13.688	12.069	3
13.694	12.07	3
13.7	12.071	3
13.706	12.073	3
13.712	12.074	3
13.718	12.074	3
13.724	12.075	3
13.73	12.076	3
13.736	12.076	3
13.742	12.076	3
13.748	12.076	3
13.753	12.076	3
13.759	12.076	3
13.765	12.076	3
13.77	12.076	3
13.776	12.075	3
13.782	12.074	3
13.788	12.074	3
13.793	12.073	3
13.799	12.072	3
13.805	12.071	3
13.81	12.07	3
13.816	12.068	3
13.822	12.067	3
13.827	12.065	3
13.833	12.064	3
13.839	12.062	3
13.844	12.06	3
13.85	12.059	3
13.856	12.057	3
13.862	12.055	3
13.868	12.053	3
13.874	12.05	3
13.88	12.048	3
13.886	12.046	3
13.892	12.044	3
13.898	12.041	3
13.904	12.039	3
13.91	12.036	3
13.916	12.034	3
13.923	12.031	3
13.929	12.029	3
13.936	12.026	3
13.942	12.023	3
13.949	12.021	3
13.955	12.018	3
13.962	12.015	3
13.969	12.012	3
13.976	12.01	3
13.983	12.007	3
13.99	12.004	3
13.997	12.001	3
13.997	12.001	3
14.004	11.998	3
14.012	11.995	3
14.019	11.993	3
14.027	11.99	3
14.035	11.987	3
14.042	11.984	3
14.05	11.981	3
14.058	11.978	3
14.066	11.976	3
14.075	11.973	3
14.083	11.97	3
14.091	11.967	3
14.1	11.964	3
14.108	11.961	3
14.117	11.958	3
14.126	11.955	3
14.135	11.952	3
14.143	11.949	3
14.153	11.946	3
14.162	11.943	3
14.171	11.94	3
14.18	11.937	3
14.19	11.933	3
14.199	11.93	3
14.209	11.927	3
14.219	11.924	3
14.228	11.92	3
14.238	11.917	3
14.248	11.914	3
14.259	11.91	3
14.269	11.907	3
14.279	11.903	3
14.289	11.9	3
14.3	11.896	3
14.31	11.893	3
14.321	11.889	3
14.332	11.886	3
14.343	11.882	3
14.354	11.878	3
14.365	11.874	3
14.376	11.871	3
14.387	11.867	3
14.398	11.863	3
14.41	11.859	3
14.421	11.855	3
14.433	11.851	3
14.445	11.847	3
14.456	11.843	3
14.468	11.839	3
14.48	11.835	3
14.492	11.83	3
14.504	11.826	3
14.517	11.822	3
14.529	11.817	3
14.541	11.813	3
14.554	11.809	3
14.566	11.804	3
14.579	11.8	3
14.592	11.795	3
14.605	11.79	3
14.617	11.786	3
14.63	11.781	3
14.643	11.776	3
14.657	11.771	3
14.67	11.767	3
14.683	11.762	3
14.697	11.757	3
14.71	11.752	3
14.724	11.747	3
14.737	11.742	3
14.751	11.737	3
14.765	11.732	3
14.779	11.726	3
14.793	11.721	3
14.807	11.716	3
14.821	11.711	3
14.835	11.705	3
14.849	11.7	3
14.864	11.695	3
14.878	11.689	3
14.893	11.684	3
14.907	11.678	3
14.922	11.673	3
14.937	11.667	3
14.951	11.661	3
14.966	11.656	3
14.981	11.65	3
14.996	11.644	3
15.011	11.638	3
15.027	11.633	3
15.042	11.627	3
15.057	11.621	3
15.073	11.615	3
15.088	11.609	3
15.104	11.603	3
15.119	11.597	3
15.135	11.591	3
15.151	11.585	3
15.166	11.579	3
15.182	11.573	3
15.198	11.566	3
15.214	11.56	3
15.23	11.554	3
15.246	11.548	3
15.263	11.541	3
15.279	11.535	3
15.295	11.529	3
15.312	11.523	3
15.328	11.516	3
15.345	11.51	3
15.361	11.503	3
15.378	11.497	3
15.394	11.491	3
15.411	11.484	3
15.428	11.478	3
15.445	11.471	3
15.462	11.465	3
15.479	11.458	3
15.496	11.452	3
15.513	11.445	3
15.53	11.439	3
15.547	11.432	3
15.564	11.426	3
15.582	11.419	3
15.599	11.413	3
15.616	11.406	3
15.634	11.399	3
15.651	11.393	3
15.669	11.386	3
15.687	11.38	3
15.704	11.373	3
15.722	11.367	3
15.74	11.36	3
15.757	11.354	3
15.775	11.347	3
15.793	11.341	3
15.811	11.334	3
15.829	11.328	3
15.847	11.321	3
15.865	11.315	3
15.883	11.308	3
15.901	11.302	3
15.919	11.295	3
15.938	11.289	3
15.956	11.282	3
15.974	11.276	3
15.993	11.27	3
16.011	11.263	3
16.029	11.257	3
16.048	11.251	3
16.066	11.244	3
16.085	11.238	3
16.103	11.232	3
16.122	11.226	3
16.14	11.22	3
16.159	11.214	3
16.178	11.208	3
16.196	11.201	3
16.215	11.195	3
16.234	11.19	3
16.253	11.184	3
16.272	11.178	3
16.29	11.172	3
16.309	11.166	3
16.328	11.16	3
16.347	11.155	3
16.366	11.149	3
16.385	11.143	3
16.404	11.138	3
16.423	11.132	3
16.442	11.127	3
16.461	11.122	3
16.48	11.116	3
16.499	11.111	3
16.518	11.106	3
16.537	11.101	3
16.557	11.096	3
16.576	11.091	3
16.595	11.086	3
16.614	11.081	3
16.633	11.076	3
16.653	11.071	3
16.672	11.067	3
16.691	11.062	3
16.71	11.058	3
16.73	11.053	3
16.749	11.049	3
16.768	11.044	3
16.787	11.04	3
16.807	11.036	3
16.826	11.032	3
16.845	11.028	3
16.865	11.024	3
16.884	11.021	3
16.903	11.017	3
16.923	11.013	3
16.942	11.01	3
16.961	11.006	3
16.981	11.003	3
17	11	3
17	11	3
17.019	10.997	3
17.039	10.994	3
17.058	10.991	3
17.077	10.988	3
17.097	10.986	3
17.116	10.983	3
17.135	10.981	3
17.155	10.978	3
17.174	10.976	3
17.193	10.974	3
17.212	10.972	3
17.232	10.97	3
17.251	10.968	3
17.27	10.967	3
17.289	10.965	3
17.308	10.964	3
17.327	10.963	3
17.347	10.962	3
17.366	10.961	3
17.385	10.96	3
17.404	10.959	3
17.423	10.959	3
17.442	10.958	3
17.461	10.958	3
17.479	10.958	3
17.498	10.958	3
17.517	10.958	3
17.536	10.959	3
17.555	10.959	3
17.573	10.96	3
17.592	10.961	3
17.611	10.961	3
17.629	10.963	3
17.648	10.964	3
17.666	10.965	3
17.684	10.967	3
17.703	10.969	3
17.721	10.971	3
17.739	10.973	3
17.758	10.975	3
17.776	10.977	3
17.794	10.98	3
17.812	10.983	3
17.83	10.985	3
17.848	10.989	3
17.866	10.992	3
17.884	10.995	3
17.902	10.999	3
17.919	11.003	3
17.937	11.006	3
17.955	11.011	3
17.972	11.015	3
17.99	11.019	3
18.007	11.024	3
18.025	11.029	3
18.042	11.034	3
18.059	11.039	3
18.076	11.044	3
18.094	11.05	3
18.111	11.056	3
18.128	11.061	3
18.145	11.068	3
18.161	11.074	3
18.178	11.08	3
18.195	11.087	3
18.212	11.094	3
18.228	11.101	3
18.245	11.108	3
18.261	11.115	3
18.278	11.123	3
18.294	11.131	3
18.31	11.139	3
18.327	11.147	3
18.343	11.155	3
18.359	11.164	3
18.375	11.172	3
18.391	11.181	3
18.407	11.19	3
18.422	11.199	3
18.438	11.209	3
18.454	11.219	3
18.469	11.228	3
18.485	11.238	3
18.5	11.249	3
18.516	11.259	3
18.531	11.27	3
18.546	11.28	3
18.561	11.291	3
18.576	11.303	3
18.592	11.314	3
18.606	11.325	3
18.621	11.337	3
18.636	11.349	3
18.651	11.361	3
18.666	11.374	3
18.68	11.386	3
18.695	11.399	3
18.709	11.412	3
18.724	11.425	3
18.738	11.438	3
18.752	11.451	3
18.766	11.465	3
18.78	11.479	3
18.794	11.493	3
18.808	11.507	3
18.822	11.522	3
18.836	11.536	3
18.85	11.551	3
18.864	11.566	3
18.877	11.581	3
18.891	11.596	3
18.904	11.612	3
18.918	11.628	3
18.931	11.644	3
18.944	11.66	3
18.957	11.676	3
18.971	11.692	3
18.984	11.709	3
18.997	11.726	3
19.01	11.743	3
19.023	11.76	3
19.035	11.777	3
19.048	11.795	3
19.061	11.813	3
19.074	11.831	3
19.086	11.849	3
19.099	11.867	3
19.111	11.885	3
19.123	11.904	3
19.136	11.923	3
19.148	11.942	3
19.16	11.961	3
19.172	11.98	3
19.184	12	3
19.196	12.02	3
19.208	12.04	3
19.22	12.06	3
19.232	12.08	3
19.244	12.1	3
19.256	12.121	3
19.267	12.141	3
19.279	12.162	3
19.291	12.183	3
19.302	12.205	3
19.314	12.226	3
19.325	12.248	3
19.336	12.269	3
19.348	12.291	3
19.359	12.313	3
19.37	12.336	3
19.381	12.358	3
19.393	12.381	3
19.404	12.403	3
19.415	12.426	3
19.426	12.449	3
19.437	12.473	3
19.447	12.496	3
19.458	12.519	3
19.469	12.543	3
19.48	12.567	3
19.491	12.591	3
19.501	12.615	3
19.512	12.639	3
19.522	12.664	3
19.533	12.688	3
19.544	12.713	3
19.554	12.738	3
19.564	12.763	3
19.575	12.788	3
19.585	12.814	3
19.596	12.839	3
19.606	12.865	3
19.616	12.89	3
19.626	12.916	3
19.636	12.942	3
19.647	12.969	3
19.657	12.995	3
19.667	13.021	3
19.677	13.048	3
19.687	13.075	3
19.697	13.102	3
19.707	13.129	3
19.717	13.156	3
19.727	13.183	3
19.737	13.21	3
19.747	13.238	3
19.757	13.266	3
19.767	13.293	3
19.776	13.321	3
19.786	13.349	3
19.796	13.378	3
19.806	13.406	3
19.815	13.434	3
19.825	13.463	3
19.835	13.492	3
19.845	13.52	3
19.854	13.549	3
19.864	13.578	3
19.874	13.607	3
19.883	13.637	3
19.893	13.666	3
19.903	13.695	3
19.912	13.725	3
19.922	13.755	3
19.932	13.784	3
19.941	13.814	3
19.951	13.844	3
19.96	13.874	3
19.97	13.905	3
19.98	13.935	3
19.989	13.965	3
19.999	13.996	3
19.999	13.996	3
20.008	14.027	3
20.018	14.057	3
20.028	14.088	3
20.037	14.119	3
20.047	14.15	3
20.056	14.181	3
20.066	14.212	3
20.076	14.243	3
20.085	14.274	3
20.095	14.305	3
20.105	14.336	3
20.114	14.368	3
20.124	14.399	3
20.134	14.43	3
20.143	14.461	3
20.153	14.492	3
20.163	14.523	3
20.173	14.554	3
20.183	14.585	3
20.192	14.616	3
20.202	14.647	3
20.212	14.678	3
20.222	14.709	3
20.232	14.74	3
20.242	14.77	3
20.252	14.801	3
20.262	14.831	3
20.272	14.862	3
20.282	14.892	3
20.293	14.922	3
20.303	14.952	3
20.313	14.982	3
20.323	15.012	3
20.334	15.041	3
20.344	15.071	3
20.354	15.1	3
20.365	15.129	3
20.375	15.159	3
20.386	15.187	3
20.396	15.216	3
20.407	15.245	3
20.418	15.273	3
20.428	15.301	3
20.439	15.33	3
20.45	15.357	3
20.461	15.385	3
20.471	15.413	3
20.482	15.44	3
20.493	15.467	3
20.504	15.494	3
20.516	15.521	3
20.527	15.547	3
20.538	15.574	3
20.549	15.6	3
20.56	15.626	3
20.572	15.651	3
20.583	15.677	3
20.595	15.702	3
20.606	15.727	3
20.618	15.752	3
20.629	15.776	3
20.641	15.8	3
20.653	15.824	3
20.665	15.848	3
20.676	15.872	3
20.688	15.895	3
20.7	15.918	3
20.712	15.941	3
20.724	15.964	3
20.737	15.986	3
20.749	16.008	3
20.761	16.03	3
20.773	16.051	3
20.786	16.073	3
20.798	16.094	3
20.811	16.115	3
20.823	16.135	3
20.836	16.155	3
20.849	16.175	3
20.861	16.195	3
20.874	16.215	3
20.887	16.234	3
20.9	16.253	3
20.913	16.271	3
20.926	16.29	3
20.939	16.308	3
20.952	16.326	3
20.965	16.344	3
20.979	16.361	3
20.992	16.378	3
21.006	16.395	3
21.019	16.411	3
21.033	16.428	3
21.046	16.444	3
21.06	16.459	3
21.074	16.475	3
21.087	16.49	3
21.101	16.505	3
21.115	16.52	3
21.129	16.534	3
21.143	16.548	3
21.157	16.562	3
21.171	16.576	3
21.186	16.589	3
21.2	16.602	3
21.214	16.615	3
21.229	16.628	3
21.243	16.64	3
21.258	16.652	3
21.272	16.664	3
21.287	16.675	3
21.302	16.687	3
21.316	16.698	3
21.331	16.709	3
21.346	16.719	3
21.361	16.729	3
21.376	16.739	3
21.391	16.749	3
21.406	16.759	3
21.421	16.768	3
21.437	16.777	3
21.452	16.786	3
21.467	16.795	3
21.483	16.803	3
21.498	16.811	3
21.513	16.819	3
21.529	16.827	3
21.545	16.835	3
21.56	16.842	3
21.576	16.849	3
21.592	16.856	3
21.608	16.863	3
21.623	16.869	3
21.639	16.875	3
21.655	16.881	3
21.671	16.887	3
21.688	16.893	3
21.704	16.898	3
21.72	16.903	3
21.736	16.908	3
21.752	16.913	3
21.769	16.918	3
21.785	16.922	3
21.801	16.927	3
21.818	16.931	3
21.834	16.935	3
21.851	16.939	3
21.868	16.942	3
21.884	16.946	3
21.901	16.949	3
21.918	16.952	3
21.934	16.955	3
21.951	16.958	3
21.968	16.961	3
21.985	16.963	3
22.002	16.966	3
22.019	16.968	3
22.036	16.97	3
22.053	16.972	3
22.07	16.974	3
22.087	16.976	3
22.104	16.977	3
22.122	16.979	3
22.139	16.98	3
22.156	16.982	3
22.173	16.983	3
22.191	16.984	3
22.208	16.985	3
22.225	16.986	3
22.243	16.987	3
22.26	16.988	3
22.278	16.988	3
22.295	16.989	3
22.313	16.99	3
22.33	16.99	3
22.348	16.991	3
22.366	16.991	3
22.383	16.991	3
22.401	16.991	3
22.419	16.992	3
22.437	16.992	3
22.454	16.992	3
22.472	16.992	3
22.49	16.992	3
22.508	16.992	3
22.526	16.992	3
22.543	16.992	3
22.561	16.992	3
22.579	16.992	3
22.597	16.992	3
22.615	16.992	3
22.633	16.992	3
22.651	16.992	3
22.669	16.992	3
22.687	16.992	3
22.705	16.992	3
22.723	16.992	3
22.741	16.992	3
22.759	16.993	3
22.777	16.993	3
22.795	16.993	3
22.813	16.993	3
22.831	16.994	3
22.849	16.994	3
22.867	16.994	3
22.886	16.995	3
22.904	16.995	3
22.922	16.996	3
22.94	16.997	3
22.958	16.998	3
22.976	16.999	3
22.994	17	3
22.994	17	3
23.012	17.001	3
23.03	17.002	3
23.049	17.003	3
23.067	17.005	3
23.085	17.006	3
23.103	17.008	3
23.121	17.01	3
23.139	17.011	3
23.157	17.013	3
23.175	17.015	3
23.193	17.018	3
23.211	17.02	3
23.229	17.022	3
23.247	17.025	3
23.265	17.027	3
23.283	17.03	3
23.301	17.033	3
23.319	17.036	3
23.337	17.039	3
23.355	17.042	3
23.373	17.045	3
23.391	17.048	3
23.408	17.052	3
23.426	17.055	3
23.444	17.059	3
23.462	17.063	3
23.479	17.067	3
23.497	17.071	3
23.515	17.075	3
23.532	17.079	3
23.55	17.084	3
23.568	17.088	3
23.585	17.093	3
23.603	17.098	3
23.62	17.103	3
23.637	17.108	3
23.655	17.113	3
23.672	17.118	3
23.689	17.123	3
23.707	17.129	3
23.724	17.135	3
23.741	17.14	3
23.758	17.146	3
23.775	17.152	3
23.793	17.158	3
23.81	17.165	3
23.827	17.171	3
23.844	17.178	3
23.86	17.184	3
23.877	17.191	3
23.894	17.198	3
23.911	17.205	3
23.928	17.212	3
23.944	17.219	3
23.961	17.227	3
23.977	17.234	3
23.994	17.242	3
24.011	17.25	3
24.027	17.258	3
24.043	17.266	3
24.06	17.274	3
24.076	17.282	3
24.092	17.291	3
24.108	17.299	3
24.125	17.308	3
24.141	17.317	3
24.157	17.326	3
24.173	17.335	3
24.189	17.344	3
24.205	17.353	3
24.22	17.363	3
24.236	17.372	3
24.252	17.382	3
24.268	17.392	3
24.283	17.402	3
24.299	17.412	3
24.314	17.423	3
24.33	17.433	3
24.345	17.444	3
24.361	17.454	3
24.376	17.465	3
24.391	17.476	3
24.406	17.487	3
24.422	17.498	3
24.437	17.51	3
24.452	17.521	3
24.467	17.533	3
24.482	17.545	3
24.497	17.556	3
24.511	17.568	3
24.526	17.581	3
24.541	17.593	3
24.556	17.605	3
24.57	17.618	3
24.585	17.631	3
24.599	17.643	3
24.614	17.656	3
24.628	17.67	3
24.642	17.683	3
24.657	17.696	3
24.671	17.71	3
24.685	17.723	3
24.699	17.737	3
24.713	17.751	3
24.727	17.765	3
24.741	17.779	3
24.755	17.793	3
24.769	17.808	3
24.783	17.822	3
24.797	17.837	3
24.81	17.852	3
24.824	17.867	3
24.838	17.882	3
24.851	17.897	3
24.865	17.913	3
24.878	17.928	3
24.892	17.944	3
24.905	17.959	3
24.918	17.975	3
24.932	17.991	3
24.945	18.008	3
24.958	18.024	3
24.971	18.04	3
24.984	18.057	3
24.997	18.073	3
25.01	18.09	3
25.023	18.107	3
25.036	18.124	3
25.049	18.141	3
25.061	18.159	3
25.074	18.176	3
25.087	18.194	3
25.1	18.211	3
25.112	18.229	3
25.125	18.247	3
25.137	18.265	3
25.15	18.284	3
25.162	18.302	3
25.174	18.32	3
25.187	18.339	3
25.199	18.358	3
25.211	18.377	3
25.224	18.396	3
25.236	18.415	3
25.248	18.434	3
25.26	18.453	3
25.272	18.473	3
25.284	18.492	3
25.296	18.512	3
25.308	18.532	3
25.32	18.552	3
25.332	18.572	3
25.343	18.592	3
25.355	18.613	3
25.367	18.633	3
25.379	18.654	3
25.39	18.674	3
25.402	18.695	3
25.414	18.716	3
25.425	18.737	3
25.437	18.758	3
25.448	18.78	3
25.46	18.801	3
25.471	18.823	3
25.483	18.844	3
25.494	18.866	3
25.505	18.888	3
25.517	18.91	3
25.528	18.932	3
25.539	18.955	3
25.551	18.977	3
25.562	18.999	3
25.573	19.022	3
25.584	19.045	3
25.595	19.068	3
25.606	19.091	3
25.618	19.114	3
25.629	19.137	3
25.64	19.16	3
25.651	19.184	3
25.662	19.207	3
25.673	19.231	3
25.684	19.255	3
25.695	19.278	3
25.706	19.302	3
25.716	19.326	3
25.727	19.351	3
25.738	19.375	3
25.749	19.399	3
25.76	19.424	3
25.771	19.449	3
25.782	19.473	3
25.792	19.498	3
25.803	19.523	3
25.814	19.548	3
25.825	19.573	3
25.836	19.599	3
25.846	19.624	3
25.857	19.65	3
25.868	19.675	3
25.879	19.701	3
25.889	19.727	3
25.9	19.753	3
25.911	19.779	3
25.921	19.805	3
25.932	19.831	3
25.943	19.857	3
25.954	19.884	3
25.964	19.91	3
25.975	19.937	3
25.986	19.964	3
25.996	19.991	3
25.996	19.991	3
26.007	20.018	3
26.018	20.045	3
26.028	20.072	3
26.039	20.099	3
26.05	20.126	3
26.06	20.153	3
26.071	20.181	3
26.082	20.208	3
26.092	20.236	3
26.103	20.263	3
26.113	20.291	3
26.124	20.318	3
26.135	20.346	3
26.145	20.374	3
26.156	20.401	3
26.166	20.429	3
26.177	20.456	3
26.187	20.484	3
26.198	20.512	3
26.208	20.539	3
26.219	20.567	3
26.229	20.594	3
26.239	20.622	3
26.25	20.649	3
26.26	20.676	3
26.27	20.704	3
26.28	20.731	3
26.291	20.758	3
26.301	20.785	3
26.311	20.812	3
26.321	20.839	3
26.331	20.866	3
26.341	20.893	3
26.351	20.92	3
26.361	20.946	3
26.371	20.973	3
26.381	20.999	3
26.391	21.025	3
26.4	21.052	3
26.41	21.078	3
26.42	21.104	3
26.43	21.129	3
26.439	21.155	3
26.449	21.181	3
26.458	21.206	3
26.468	21.231	3
26.477	21.256	3
26.486	21.281	3
26.496	21.306	3
26.505	21.331	3
26.514	21.356	3
26.523	21.38	3
26.532	21.404	3
26.541	21.428	3
26.55	21.452	3
26.559	21.476	3
26.568	21.5	3
26.577	21.523	3
26.586	21.546	3
26.594	21.569	3
26.603	21.592	3
26.611	21.615	3
26.62	21.637	3
26.628	21.66	3
26.637	21.682	3
26.645	21.704	3
26.653	21.725	3
26.661	21.747	3
26.67	21.768	3
26.678	21.79	3
26.686	21.811	3
26.693	21.831	3
26.701	21.852	3
26.709	21.872	3
26.717	21.893	3
26.724	21.913	3
26.732	21.932	3
26.739	21.952	3
26.747	21.971	3
26.754	21.991	3
26.761	22.01	3
26.768	22.028	3
26.776	22.047	3
26.783	22.065	3
26.79	22.083	3
26.796	22.101	3
26.803	22.119	3
26.81	22.137	3
26.817	22.154	3
26.823	22.171	3
26.83	22.188	3
26.836	22.204	3
26.842	22.221	3
26.849	22.237	3
26.855	22.253	3
26.861	22.269	3
26.867	22.285	3
26.873	22.3	3
26.879	22.315	3
26.884	22.33	3
26.89	22.345	3
26.896	22.359	3
26.901	22.374	3
26.907	22.388	3
26.912	22.402	3
26.917	22.416	3
26.922	22.429	3
26.928	22.442	3
26.933	22.456	3
26.938	22.468	3
26.942	22.481	3
26.947	22.494	3
26.952	22.506	3
26.956	22.518	3
26.961	22.53	3
26.965	22.542	3
26.97	22.553	3
26.974	22.564	3
26.978	22.575	3
26.982	22.586	3
26.986	22.597	3
26.99	22.607	3
26.994	22.618	3
26.997	22.628	3
27.001	22.638	3
27.004	22.648	3
27.008	22.657	3
27.011	22.667	3
27.014	22.676	3
27.017	22.685	3
27.02	22.694	3
27.023	22.702	3
27.026	22.711	3
27.029	22.719	3
27.032	22.727	3
27.034	22.735	3
27.037	22.743	3
27.039	22.751	3
27.042	22.758	3
27.044	22.766	3
27.046	22.773	3
27.048	22.78	3
27.05	22.787	3
27.052	22.793	3
27.053	22.8	3
27.055	22.806	3
27.057	22.813	3
27.058	22.819	3
27.059	22.825	3
27.061	22.83	3
27.062	22.836	3
27.063	22.842	3
27.064	22.847	3
27.065	22.852	3
27.066	22.858	3
27.066	22.863	3
27.067	22.868	3
27.067	22.872	3
27.068	22.877	3
27.068	22.882	3
27.068	22.886	3
27.068	22.89	3
27.068	22.895	3
27.068	22.899	3
27.068	22.903	3
27.068	22.907	3
27.067	22.91	3
27.067	22.914	3
27.066	22.918	3
27.066	22.921	3
27.065	22.925	3
27.064	22.928	3
27.063	22.931	3
27.062	22.935	3
27.061	22.938	3
27.06	22.941	3
27.058	22.944	3
27.057	22.947	3
27.055	22.95	3
27.054	22.952	3
27.052	22.955	3
27.05	22.958	3
27.048	22.961	3
27.046	22.963	3
27.044	22.966	3
27.042	22.968	3
27.039	22.971	3
27.037	22.973	3
27.034	22.975	3
27.032	22.978	3
27.029	22.98	3
27.026	22.982	3
27.023	22.985	3
27.02	22.987	3
27.017	22.989	3
27.014	22.991	3
27.011	22.993	3
27.007	22.996	3
27.004	22.998	3
27	23	3
27	23	3
26.996	23.002	3
26.992	23.004	3
26.989	23.007	3
26.984	23.009	3
26.98	23.011	3
26.976	23.013	3
26.972	23.015	3
26.967	23.018	3
26.963	23.02	3
26.958	23.022	3
26.954	23.025	3
26.949	23.027	3
26.944	23.029	3
26.939	23.032	3
26.934	23.034	3
26.929	23.037	3
26.924	23.04	3
26.918	23.042	3
26.913	23.045	3
26.908	23.048	3
26.902	23.05	3
26.896	23.053	3
26.891	23.056	3
26.885	23.059	3
26.879	23.062	3
26.873	23.065	3
26.867	23.068	3
26.861	23.071	3
26.855	23.075	3
26.849	23.078	3
26.843	23.082	3
26.836	23.085	3
26.83	23.089	3
26.823	23.092	3
26.817	23.096	3
26.81	23.1	3
26.803	23.104	3
26.797	23.108	3
26.79	23.112	3
26.783	23.116	3
26.776	23.12	3
26.769	23.125	3
26.762	23.129	3
26.755	23.134	3
26.747	23.138	3
26.74	23.143	3
26.733	23.148	3
26.726	23.153	3
26.718	23.158	3
26.711	23.163	3
26.703	23.168	3
26.696	23.173	3
26.688	23.179	3
26.68	23.184	3
26.672	23.19	3
26.665	23.196	3
26.657	23.201	3
26.649	23.207	3
26.641	23.213	3
26.633	23.22	3
26.625	23.226	3
26.617	23.232	3
26.609	23.239	3
26.601	23.245	3
26.593	23.252	3
26.584	23.259	3
26.576	23.266	3
26.568	23.273	3
26.56	23.28	3
26.551	23.287	3
26.543	23.294	3
26.534	23.302	3
26.526	23.309	3
26.517	23.317	3
26.509	23.325	3
26.5	23.333	3
26.492	23.341	3
26.483	23.349	3
26.474	23.357	3
26.466	23.365	3
26.457	23.374	3
26.448	23.382	3
26.44	23.391	3
26.431	23.399	3
26.422	23.408	3
26.413	23.417	3
26.404	23.426	3
26.396	23.436	3
26.387	23.445	3
26.378	23.454	3
26.369	23.464	3
26.36	23.473	3
26.351	23.483	3
26.342	23.493	3
26.333	23.503	3
26.324	23.513	3
26.315	23.523	3
26.306	23.533	3
26.297	23.544	3
26.288	23.554	3
26.279	23.565	3
26.27	23.575	3
26.261	23.586	3
26.251	23.597	3
26.242	23.608	3
26.233	23.619	3
26.224	23.63	3
26.215	23.641	3
26.206	23.652	3
26.197	23.664	3
26.188	23.675	3
26.179	23.687	3
26.169	23.698	3
26.16	23.71	3
26.151	23.722	3
26.142	23.734	3
26.133	23.746	3
26.124	23.758	3
26.115	23.77	3
26.106	23.783	3
26.097	23.795	3
26.087	23.807	3
26.078	23.82	3
26.069	23.832	3
26.06	23.845	3
26.051	23.858	3
26.042	23.871	3
26.033	23.884	3
26.024	23.897	3
26.015	23.91	3
26.006	23.923	3
25.997	23.936	3
25.988	23.949	3
25.979	23.962	3
25.97	23.976	3
25.961	23.989	3
25.952	24.003	3
25.943	24.016	3
25.934	24.03	3
25.925	24.043	3
25.916	24.057	3
25.908	24.071	3
25.899	24.085	3
25.89	24.099	3
25.881	24.113	3
25.872	24.126	3
25.864	24.14	3
25.855	24.155	3
25.846	24.169	3
25.838	24.183	3
25.829	24.197	3
25.82	24.211	3
25.812	24.225	3
25.803	24.24	3
25.795	24.254	3
25.786	24.268	3
25.778	24.283	3
25.769	24.297	3
25.761	24.312	3
25.752	24.326	3
25.744	24.341	3
25.736	24.355	3
25.727	24.37	3
25.719	24.384	3
25.711	24.399	3
25.703	24.414	3
25.695	24.428	3
25.686	24.443	3
25.678	24.457	3
25.67	24.472	3
25.662	24.487	3
25.654	24.501	3
25.646	24.516	3
25.638	24.531	3
25.63	24.545	3
25.623	24.56	3
25.615	24.575	3
25.607	24.589	3
25.599	24.604	3
25.592	24.619	3
25.584	24.633	3
25.576	24.648	3
25.569	24.663	3
25.561	24.677	3
25.554	24.692	3
25.546	24.706	3
25.539	24.721	3
25.531	24.735	3
25.524	24.75	3
25.517	24.764	3
25.51	24.779	3
25.502	24.793	3
25.495	24.808	3
25.488	24.822	3
25.481	24.837	3
25.474	24.851	3
25.467	24.865	3
25.46	24.879	3
25.453	24.894	3
25.447	24.908	3
25.44	24.922	3
25.433	24.936	3
25.426	24.95	3
25.42	24.964	3
25.413	24.978	3
25.407	24.992	3
25.4	25.006	3
25.394	25.019	3
25.388	25.033	3
25.381	25.047	3
25.375	25.061	3
25.369	25.074	3
25.363	25.088	3
25.356	25.101	3
25.35	25.114	3
25.344	25.128	3
25.338	25.141	3
25.332	25.154	3
25.327	25.167	3
25.321	25.18	3
25.315	25.193	3
25.309	25.206	3
25.304	25.219	3
25.298	25.232	3
25.293	25.244	3
25.287	25.257	3
25.282	25.27	3
25.276	25.282	3
25.271	25.294	3
25.266	25.307	3
25.261	25.319	3
25.255	25.331	3
25.25	25.343	3
25.245	25.355	3
25.24	25.367	3
25.235	25.378	3
25.23	25.39	3
25.226	25.402	3
25.221	25.413	3
25.216	25.424	3
25.211	25.436	3
25.207	25.447	3
25.202	25.458	3
25.198	25.469	3
25.193	25.48	3
25.189	25.49	3
25.185	25.501	3
25.18	25.512	3
25.176	25.522	3
25.172	25.533	3
25.168	25.543	3
25.164	25.553	3
25.16	25.563	3
25.156	25.573	3
25.152	25.583	3
25.148	25.592	3
25.145	25.602	3
25.141	25.611	3
25.137	25.621	3
25.134	25.63	3
25.13	25.639	3
25.127	25.648	3
25.123	25.657	3
25.12	25.666	3
25.116	25.674	3
25.113	25.683	3
25.11	25.691	3
25.107	25.7	3
25.104	25.708	3
25.101	25.716	3
25.098	25.724	3
25.095	25.732	3
25.092	25.74	3
25.089	25.747	3
25.086	25.755	3
25.083	25.762	3
25.081	25.769	3
25.078	25.776	3
25.075	25.783	3
25.073	25.79	3
25.07	25.797	3
25.068	25.804	3
25.066	25.81	3
25.063	25.816	3
25.061	25.823	3
25.059	25.829	3
25.057	25.835	3
25.055	25.841	3
25.053	25.847	3
25.05	25.852	3
25.049	25.858	3
25.047	25.863	3
25.045	25.868	3
25.043	25.874	3
25.041	25.879	3
25.039	25.884	3
25.038	25.888	3
25.036	25.893	3
25.034	25.898	3
25.033	25.902	3
25.031	25.906	3
25.03	25.911	3
25.028	25.915	3
25.027	25.919	3
25.026	25.923	3
25.024	25.926	3
25.023	25.93	3
25.022	25.934	3
25.021	25.937	3
25.02	25.94	3
25.019	25.944	3
25.018	25.947	3
25.017	25.95	3
25.016	25.953	3
25.015	25.955	3
25.014	25.958	3
25.013	25.961	3
25.012	25.963	3
25.011	25.966	3
25.01	25.968	3
25.01	25.97	3
25.009	25.972	3
25.008	25.974	3
25.008	25.976	3
25.007	25.978	3
25.007	25.98	3
25.006	25.981	3
25.006	25.983	3
25.005	25.984	3
25.005	25.986	3
25.004	25.987	3
25.004	25.988	3
25.003	25.989	3
25.003	25.99	3
25.003	25.991	3
25.002	25.992	3
25.002	25.993	3
25.002	25.994	3
25.002	25.995	3
25.001	25.995	3
25.001	25.996	3
25.001	25.997	3
25.001	25.997	3
25.001	25.998	3
25.001	25.998	3
25.001	25.998	3
25	25.999	3
25	25.999	3
25	25.999	3
25	25.999	3
25	26	3
25	26	3
25	26	3
25	26	3
25	26	3
25	26	3
25	26	3
25	26	3
25	26	3
25	26	3
25	26	3
25	26	3
25	26	3
25	26	3
25	26	3
25	26	3
25	26	3
25	26	3
25	26	3
25	26	3
25	26	3
25	26	3
25	26	3
25	26	3
25	26	3
25	26	3
25	26	3
25	26	3
25	26	3
25	26	3
25	26	3
25	26	3
25	26	3
25	26	3
25	26	3
25	26	3
25	26	3
25	26	3
25	26	3
25	26	3
25	25.999	3
25	25.999	3
25	25.999	3
25	25.999	3
25	25.999	3
25	25.999	3
25	25.999	3
25	25.999	3
25	25.999	3
25	25.999	3
25	25.999	3
25	25.999	3
25	25.999	3
25	25.999	3
25	25.999	3
25	25.999	3
25	25.999	3
25	25.999	3
25	25.999	3
25	25.999	3
25	25.999	3
25	25.999	3
25	25.999	3
25	25.999	3
25	25.999	3
25	25.999	3
25	25.999	3
25	25.999	3
25	25.999	3
25	25.999	3
25	25.999	3
25	25.999	3
25	25.999	3
25	25.999	3
25	25.999	3
25	25.999	3
25	25.999	3
25	25.999	3
25	25.999	3
25	25.999	3
25	25.999	3
25	25.999	3
25	25.999	3
25	25.999	3
25	25.999	3
25	25.999	3
25	25.999	3
25	25.999	3
25	25.999	3
25	25.999	3
25	25.999	3
25	25.999	3
25	25.999	3
25	25.999	3
25	25.999	3
25	25.999	3
25	25.999	3
25	25.999	3
25	25.999	3
25	25.999	3
25	25.999	3
25	25.999	3
25	25.999	3
25	25.999	3
25	25.999	3
25	25.999	3
25	25.999	3
25	25.999	3
25	25.999	3
25	25.999	3
25	25.999	3
25	25.999	3
25	25.999	3
25	25.999	3
25	25.999	3
25	25.999	3
25	25.999	3
25	25.999	3
25	25.999	3
25	25.999	3
25	25.999	3
25	25.999	3
25	25.999	3
25	25.999	3
25	25.999	3
25	25.999	3
25	25.999	3
25	25.999	3
25	25.999	3
25	25.999	3
25	25.999	3
25	25.999	3
25	25.999	3
25	25.999	3
25	25.999	3
25	25.999	3
25	25.999	3
25	25.999	3
25	25.999	3
25	25.999	3
25	25.999	3
25	25.999	3
25	25.999	3
25	25.999	3
25	25.999	3
25	25.999	3
25	25.999	3
25	25.999	3
25	25.999	3
25	25.999	3
25	26	3
25	26	3
25	26	3
25	26	3
25	26	3
25	26	3
25	26	3
25	26	3
25	26	3
25	26	3
25	26	3
25	26	3
25	26	3
25	26	3
25	26	3
25	26	3
25	26	3
25	26	3
25	26	3
25	26	3
25	26	3
25	26	3
25	26	3
25	26	3
25	26	3
25	26	3
25	26	3
25	26	3
25	26	3
25	26	3
25	26	3
25	26	3
25	26	3
25	26	3
25	26	3
25	26	3
25	26	3
25	26	3
25	26	3
25	26	3
25	26	3
25	26	3
25	26	3
25	26	3
25	26	3
25	26	3
25	26	3
25	26	3
25	26	3
25	26	3
25	26	3
25	26	3
25	26	3
25	26	3
25	26	3
25	26	3
25	26	3
25	26	3
25	26	3
25	26	3
25	26	3
