0 1.5 2.5
0.000114 1.5 2.5
0.000903 1.5 2.5
0.00301 1.5 2.5
0.00704 1.5 2.5
0.0136 1.5 2.5
0.0232 1.5 2.5
0.0363 1.5 2.5
0.0535 1.5 2.5
0.0752 1.5 2.5
0.102 1.5 2.5
0.134 1.5 2.5
0.171 1.5 2.5
0.215 1.5 2.5
0.265 1.5 2.5
0.321 1.5 2.5
0.384 1.5 2.5
0.455 1.5 2.5
0.532 1.5 2.5
0.617 1.5 2.5
0.71 1.5 2.5
0.81 1.5 2.5
0.918 1.5 2.5
1.03 1.5 2.5
1.16 1.5 2.5
1.29 1.5 2.5
1.43 1.5 2.5
1.58 1.5 2.5
1.73 1.5 2.5
1.9 1.5 2.5
2.07 1.5 2.5
2.25 1.5 2.5
2.44 1.5 2.5
2.63 1.5 2.5
2.83 1.5 2.5
3.04 1.5 2.5
3.26 1.5 2.5
3.49 1.5 2.5
3.72 1.5 2.5
3.95 1.5 2.5
4.2 1.5 2.5
4.45 1.5 2.5
4.7 1.5 2.5
4.96 1.5 2.5
5.23 1.5 2.5
5.5 1.5 2.5
5.78 1.5 2.5
6.06 1.5 2.5
6.35 1.5 2.5
6.64 1.5 2.5
6.93 1.5 2.5
7.23 1.5 2.5
7.53 1.5 2.5
7.83 1.5 2.5
8.14 1.5 2.5
8.44 1.5 2.5
8.75 1.5 2.5
9.06 1.5 2.5
9.38 1.5 2.5
9.69 1.5 2.5
10 1.5 2.5
10.3 1.5 2.5
10.6 1.5 2.5
10.9 1.5 2.5
11.2 1.5 2.5
11.6 1.5 2.5
11.9 1.5 2.5
12.2 1.5 2.5
12.5 1.5 2.5
12.8 1.5 2.5
13.1 1.5 2.5
13.4 1.5 2.5
13.7 1.5 2.5
13.9 1.5 2.5
14.2 1.5 2.5
14.5 1.5 2.5
14.8 1.5 2.5
15 1.5 2.5
15.3 1.5 2.5
15.6 1.5 2.5
15.8 1.5 2.5
16 1.5 2.5
16.3 1.5 2.5
16.5 1.5 2.5
16.7 1.5 2.5
17 1.5 2.5
17.2 1.5 2.5
17.4 1.5 2.5
17.6 1.5 2.5
17.8 1.5 2.5
17.9 1.5 2.5
18.1 1.5 2.5
18.3 1.5 2.5
18.4 1.5 2.5
18.6 1.5 2.5
18.7 1.5 2.5
18.8 1.5 2.5
19 1.5 2.5
19.1 1.5 2.5
19.2 1.5 2.5
19.3 1.5 2.5
19.4 1.5 2.5
19.5 1.5 2.5
19.5 1.5 2.5
19.6 1.5 2.5
19.7 1.5 2.5
19.7 1.5 2.5
19.8 1.5 2.5
19.8 1.5 2.5
19.9 1.5 2.5
19.9 1.5 2.5
19.9 1.5 2.5
19.9 1.5 2.5
20 1.5 2.5
20 1.5 2.5
20 1.5 2.5
20 1.5 2.5
20 1.5 2.5
20 1.5 2.5
20 1.5 2.5
20 1.5 2.5
