0 4.5 2.5
0.000114 4.5 2.5
0.000903 4.5 2.5
0.00301 4.5 2.5
0.00704 4.5 2.5
0.0136 4.5 2.5
0.0232 4.5 2.5
0.0363 4.5 2.5
0.0535 4.5 2.5
0.0752 4.5 2.5
0.102 4.5 2.5
0.134 4.5 2.5
0.171 4.5 2.5
0.215 4.5 2.5
0.265 4.5 2.5
0.321 4.5 2.5
0.384 4.5 2.5
0.455 4.5 2.5
0.532 4.5 2.5
0.617 4.5 2.5
0.71 4.5 2.5
0.81 4.5 2.5
0.918 4.5 2.5
1.03 4.5 2.5
1.16 4.5 2.5
1.29 4.5 2.5
1.43 4.5 2.5
1.58 4.5 2.5
1.73 4.5 2.5
1.9 4.5 2.5
2.07 4.5 2.5
2.25 4.5 2.5
2.44 4.5 2.5
2.63 4.5 2.5
2.83 4.5 2.5
3.04 4.5 2.5
3.26 4.5 2.5
3.49 4.5 2.5
3.72 4.5 2.5
3.95 4.5 2.5
4.2 4.5 2.5
4.45 4.5 2.5
4.7 4.5 2.5
4.96 4.5 2.5
5.23 4.5 2.5
5.5 4.5 2.5
5.78 4.5 2.5
6.06 4.5 2.5
6.35 4.5 2.5
6.64 4.5 2.5
6.93 4.5 2.5
7.23 4.5 2.5
7.53 4.5 2.5
7.83 4.5 2.5
8.14 4.5 2.5
8.44 4.5 2.5
8.75 4.5 2.5
9.06 4.5 2.5
9.38 4.5 2.5
9.69 4.5 2.5
10 4.5 2.5
10.3 4.5 2.5
10.6 4.5 2.5
10.9 4.5 2.5
11.2 4.5 2.5
11.6 4.5 2.5
11.9 4.5 2.5
12.2 4.5 2.5
12.5 4.5 2.5
12.8 4.5 2.5
13.1 4.5 2.5
13.4 4.5 2.5
13.7 4.5 2.5
13.9 4.5 2.5
14.2 4.5 2.5
14.5 4.5 2.5
14.8 4.5 2.5
15 4.5 2.5
15.3 4.5 2.5
15.6 4.5 2.5
15.8 4.5 2.5
16 4.5 2.5
16.3 4.5 2.5
16.5 4.5 2.5
16.7 4.5 2.5
17 4.5 2.5
17.2 4.5 2.5
17.4 4.5 2.5
17.6 4.5 2.5
17.8 4.5 2.5
17.9 4.5 2.5
18.1 4.5 2.5
18.3 4.5 2.5
18.4 4.5 2.5
18.6 4.5 2.5
18.7 4.5 2.5
18.8 4.5 2.5
19 4.5 2.5
19.1 4.5 2.5
19.2 4.5 2.5
19.3 4.5 2.5
19.4 4.5 2.5
19.5 4.5 2.5
19.5 4.5 2.5
19.6 4.5 2.5
19.7 4.5 2.5
19.7 4.5 2.5
19.8 4.5 2.5
19.8 4.5 2.5
19.9 4.5 2.5
19.9 4.5 2.5
19.9 4.5 2.5
19.9 4.5 2.5
20 4.5 2.5
20 4.5 2.5
20 4.5 2.5
20 4.5 2.5
20 4.5 2.5
20 4.5 2.5
20 4.5 2.5
20 4.5 2.5
