0 0 2.5
0.000114 0 2.5
0.000903 0 2.5
0.00301 0 2.5
0.00704 0 2.5
0.0136 0 2.5
0.0232 0 2.5
0.0363 0 2.5
0.0535 0 2.5
0.0752 0 2.5
0.102 0 2.5
0.134 0 2.5
0.171 0 2.5
0.215 0 2.5
0.265 0 2.5
0.321 0 2.5
0.384 0 2.5
0.455 0 2.5
0.532 0 2.5
0.617 0 2.5
0.71 0 2.5
0.81 0 2.5
0.918 0 2.5
1.03 0 2.5
1.16 0 2.5
1.29 0 2.5
1.43 0 2.5
1.58 0 2.5
1.73 0 2.5
1.9 0 2.5
2.07 0 2.5
2.25 0 2.5
2.44 0 2.5
2.63 0 2.5
2.83 0 2.5
3.04 0 2.5
3.26 0 2.5
3.49 0 2.5
3.72 0 2.5
3.95 0 2.5
4.2 0 2.5
4.45 0 2.5
4.7 0 2.5
4.96 0 2.5
5.23 0 2.5
5.5 0 2.5
5.78 0 2.5
6.06 0 2.5
6.35 0 2.5
6.64 0 2.5
6.93 0 2.5
7.23 0 2.5
7.53 0 2.5
7.83 0 2.5
8.14 0 2.5
8.44 0 2.5
8.75 0 2.5
9.06 0 2.5
9.38 0 2.5
9.69 0 2.5
10 0 2.5
10.3 0 2.5
10.6 0 2.5
10.9 0 2.5
11.2 0 2.5
11.6 0 2.5
11.9 0 2.5
12.2 0 2.5
12.5 0 2.5
12.8 0 2.5
13.1 0 2.5
13.4 0 2.5
13.7 0 2.5
13.9 0 2.5
14.2 0 2.5
14.5 0 2.5
14.8 0 2.5
15 0 2.5
15.3 0 2.5
15.6 0 2.5
15.8 0 2.5
16 0 2.5
16.3 0 2.5
16.5 0 2.5
16.7 0 2.5
17 0 2.5
17.2 0 2.5
17.4 0 2.5
17.6 0 2.5
17.8 0 2.5
17.9 0 2.5
18.1 0 2.5
18.3 0 2.5
18.4 0 2.5
18.6 0 2.5
18.7 0 2.5
18.8 0 2.5
19 0 2.5
19.1 0 2.5
19.2 0 2.5
19.3 0 2.5
19.4 0 2.5
19.5 0 2.5
19.5 0 2.5
19.6 0 2.5
19.7 0 2.5
19.7 0 2.5
19.8 0 2.5
19.8 0 2.5
19.9 0 2.5
19.9 0 2.5
19.9 0 2.5
19.9 0 2.5
20 0 2.5
20 0 2.5
20 0 2.5
20 0 2.5
20 0 2.5
20 0 2.5
20 0 2.5
20 0 2.5
