0 3 2.5
0.000114 3 2.5
0.000903 3 2.5
0.00301 3 2.5
0.00704 3 2.5
0.0136 3 2.5
0.0232 3 2.5
0.0363 3 2.5
0.0535 3 2.5
0.0752 3 2.5
0.102 3 2.5
0.134 3 2.5
0.171 3 2.5
0.215 3 2.5
0.265 3 2.5
0.321 3 2.5
0.384 3 2.5
0.455 3 2.5
0.532 3 2.5
0.617 3 2.5
0.71 3 2.5
0.81 3 2.5
0.918 3 2.5
1.03 3 2.5
1.16 3 2.5
1.29 3 2.5
1.43 3 2.5
1.58 3 2.5
1.73 3 2.5
1.9 3 2.5
2.07 3 2.5
2.25 3 2.5
2.44 3 2.5
2.63 3 2.5
2.83 3 2.5
3.04 3 2.5
3.26 3 2.5
3.49 3 2.5
3.72 3 2.5
3.95 3 2.5
4.2 3 2.5
4.45 3 2.5
4.7 3 2.5
4.96 3 2.5
5.23 3 2.5
5.5 3 2.5
5.78 3 2.5
6.06 3 2.5
6.35 3 2.5
6.64 3 2.5
6.93 3 2.5
7.23 3 2.5
7.53 3 2.5
7.83 3 2.5
8.14 3 2.5
8.44 3 2.5
8.75 3 2.5
9.06 3 2.5
9.38 3 2.5
9.69 3 2.5
10 3 2.5
10.3 3 2.5
10.6 3 2.5
10.9 3 2.5
11.2 3 2.5
11.6 3 2.5
11.9 3 2.5
12.2 3 2.5
12.5 3 2.5
12.8 3 2.5
13.1 3 2.5
13.4 3 2.5
13.7 3 2.5
13.9 3 2.5
14.2 3 2.5
14.5 3 2.5
14.8 3 2.5
15 3 2.5
15.3 3 2.5
15.6 3 2.5
15.8 3 2.5
16 3 2.5
16.3 3 2.5
16.5 3 2.5
16.7 3 2.5
17 3 2.5
17.2 3 2.5
17.4 3 2.5
17.6 3 2.5
17.8 3 2.5
17.9 3 2.5
18.1 3 2.5
18.3 3 2.5
18.4 3 2.5
18.6 3 2.5
18.7 3 2.5
18.8 3 2.5
19 3 2.5
19.1 3 2.5
19.2 3 2.5
19.3 3 2.5
19.4 3 2.5
19.5 3 2.5
19.5 3 2.5
19.6 3 2.5
19.7 3 2.5
19.7 3 2.5
19.8 3 2.5
19.8 3 2.5
19.9 3 2.5
19.9 3 2.5
19.9 3 2.5
19.9 3 2.5
20 3 2.5
20 3 2.5
20 3 2.5
20 3 2.5
20 3 2.5
20 3 2.5
20 3 2.5
20 3 2.5
