0 3 2.5
0.000776 3 2.5
0.00602 3 2.5
0.0197 3 2.5
0.0453 3 2.5
0.0856 3 2.5
0.143 3 2.5
0.22 3 2.5
0.318 3 2.5
0.437 3 2.5
0.579 3 2.5
0.744 3 2.5
0.933 3 2.5
1.14 3 2.5
1.38 3 2.5
1.63 3 2.5
1.91 3 2.5
2.2 3 2.5
2.51 3 2.5
2.83 3 2.5
3.17 3 2.5
3.53 3 2.5
3.89 3 2.5
4.25 3 2.5
4.63 3 2.5
5 3 2.5
5.37 3 2.5
5.75 3 2.5
6.11 3 2.5
6.47 3 2.5
6.83 3 2.5
7.17 3 2.5
7.49 3 2.5
7.8 3 2.5
8.09 3 2.5
8.37 3 2.5
8.62 3 2.5
8.86 3 2.5
9.07 3 2.5
9.26 3 2.5
9.42 3 2.5
9.56 3 2.5
9.68 3 2.5
9.78 3 2.5
9.86 3 2.5
9.91 3 2.5
9.95 3 2.5
9.98 3 2.5
9.99 3 2.5
10 3 2.5
10 3 2.5
