0 1.5 2.5
0.000776 1.5 2.5
0.00602 1.5 2.5
0.0197 1.5 2.5
0.0453 1.5 2.5
0.0856 1.5 2.5
0.143 1.5 2.5
0.22 1.5 2.5
0.318 1.5 2.5
0.437 1.5 2.5
0.579 1.5 2.5
0.744 1.5 2.5
0.933 1.5 2.5
1.14 1.5 2.5
1.38 1.5 2.5
1.63 1.5 2.5
1.91 1.5 2.5
2.2 1.5 2.5
2.51 1.5 2.5
2.83 1.5 2.5
3.17 1.5 2.5
3.53 1.5 2.5
3.89 1.5 2.5
4.25 1.5 2.5
4.63 1.5 2.5
5 1.5 2.5
5.37 1.5 2.5
5.75 1.5 2.5
6.11 1.5 2.5
6.47 1.5 2.5
6.83 1.5 2.5
7.17 1.5 2.5
7.49 1.5 2.5
7.8 1.5 2.5
8.09 1.5 2.5
8.37 1.5 2.5
8.62 1.5 2.5
8.86 1.5 2.5
9.07 1.5 2.5
9.26 1.5 2.5
9.42 1.5 2.5
9.56 1.5 2.5
9.68 1.5 2.5
9.78 1.5 2.5
9.86 1.5 2.5
9.91 1.5 2.5
9.95 1.5 2.5
9.98 1.5 2.5
9.99 1.5 2.5
10 1.5 2.5
10 1.5 2.5
